Vehicle_label,Road_order,Total_time,Leading_vehicles,Stopped_time,Stop_while_front,Round_number
0,"[2, 3]",67.7499999999983,"[-999, -999]","[0, 0]","[0, 0]",1
1,"[0, 1]",67.44999999999831,"[-999, 11]","[0, 0]","[0, 0]",1
2,"[2, 1]",37.15000000000003,"[0, -999]","[0, 0]","[0, 0]",1
3,"[0, 1]",78.54999999999768,"[1, 16]","[2.7499999999999982, 0]","[2.7499999999999982, 0]",1
4,"[2, 3]",69.99999999999817,"[2, 0]","[0, 0]","[0, 0]",1
5,"[2, 1]",37.65,"[4, 2]","[0, 0]","[0, 0]",1
6,"[2, 1]",39.649999999999885,"[5, 5]","[0, 0]","[0, 0]",1
7,"[0, 3]",113.89999999999569,"[3, 19]","[2.849999999999998, 0]","[2.849999999999998, 0]",1
8,"[2, 3]",71.39999999999809,"[6, 4]","[0, 0]","[0, 0]",1
9,"[0, 1]",84.04999999999737,"[7, 20]","[0, 0]","[0, 0]",1
10,"[0, 1]",84.84999999999732,"[9, 9]","[0, 0]","[0, 0]",1
11,"[2, 1]",39.29999999999991,"[8, 6]","[0, 0]","[0, 0]",1
12,"[0, 3]",118.8499999999954,"[10, 25]","[0, 0]","[0, 0]",1
13,"[0, 1]",90.399999999997,"[12, 26]","[0, 0]","[0, 0]",1
14,"[2, 3]",71.99999999999805,"[11, 8]","[0, 0]","[0, 0]",1
15,"[2, 1]",45.34999999999956,"[14, 1]","[0, 0]","[0, 0]",1
16,"[2, 1]",46.349999999999504,"[15, 15]","[0, 0]","[0, 0]",1
17,"[0, 3]",120.79999999999528,"[13, 12]","[0, 0]","[0, 0]",1
18,"[2, 3]",75.29999999999787,"[16, 14]","[0, 0]","[0, 0]",1
19,"[2, 3]",77.69999999999773,"[18, 18]","[0, 0]","[0, 0]",1
20,"[2, 1]",48.449999999999385,"[19, 3]","[0, 0]","[0, 0]",1
21,"[0, 1]",98.49999999999656,"[17, 29]","[3.2499999999999964, 0]","[3.2499999999999964, 0]",1
22,"[2, 3]",81.44999999999752,"[20, 7]","[0, 0]","[0, 0]",1
23,"[0, 1]",97.94999999999658,"[21, 21]","[0, 0]","[0, 0]",1
24,"[0, 1]",104.5999999999962,"[23, 33]","[2.8999999999999977, 0]","[2.8999999999999977, 0]",1
25,"[2, 3]",83.5999999999974,"[22, 22]","[0, 0]","[0, 0]",1
26,"[2, 1]",54.34999999999905,"[25, 10]","[0, 0]","[0, 0]",1
27,"[0, 1]",104.04999999999625,"[24, 24]","[0, 0]","[0, 0]",1
28,"[2, 1]",62.59999999999858,"[26, 13]","[7.94999999999998, 0]","[0, 0]",1
29,"[2, 1]",62.59999999999858,"[28, 28]","[5.699999999999988, 0]","[0, 0]",1
30,"[0, 3]",134.3999999999963,"[27, 32]","[0, 0]","[0, 0]",1
31,"[0, 3]",136.74999999999685,"[30, 30]","[0, 0]","[0, 0]",1
32,"[2, 3]",95.09999999999674,"[29, 17]","[4.049999999999994, 0]","[0, 0]",1
33,"[2, 1]",70.44999999999814,"[32, 23]","[2.499999999999999, 0]","[0, 0]",1
34,"[0, 3]",138.2999999999972,"[31, 31]","[0, 0]","[0, 0]",1
35,"[0, 3]",139.6499999999975,"[34, 34]","[0, 0]","[0, 0]",1
36,"[2, 1]",82.59999999999745,"[33, 27]","[3.4499999999999957, 0]","[2.3499999999999996, 0]",1
37,"[2, 1]",82.29999999999747,"[36, 36]","[0, 0]","[0, 0]",1
38,"[2, 1]",83.84999999999738,"[37, 37]","[0, 0]","[0, 0]",1
39,"[2, 3]",123.19999999999514,"[38, 35]","[0, 0]","[0, 0]",1
40,"[2, 1]",93.44999999999683,"[39, 41]","[0, 0]","[0, 0]",1
41,"[0, 1]",110.34999999999587,"[35, 38]","[0, 0]","[0, 0]",1
42,"[0, 3]",142.49999999999815,"[41, 39]","[0, 0]","[0, 0]",1
43,"[2, 3]",131.7499999999957,"[40, 44]","[0, 0]","[0, 0]",1
44,"[0, 3]",143.74999999999844,"[42, 42]","[0, 0]","[0, 0]",1
45,"[2, 1]",119.09999999999538,"[43, 56]","[9.850000000000005, 0]","[9.850000000000005, 0]",1
46,"[2, 3]",156.60000000000136,"[45, 58]","[4.3499999999999925, 0]","[3.2499999999999964, 0]",1
47,"[0, 1]",114.29999999999563,"[44, 40]","[0, 0]","[0, 0]",1
48,"[2, 1]",127.14999999999492,"[46, 59]","[2.1000000000000005, 0]","[0, 0]",1
49,"[2, 3]",165.45000000000337,"[48, 72]","[2.9999999999999973, 0]","[0, 0]",1
50,"[2, 3]",166.8500000000037,"[49, 49]","[5.749999999999988, 0]","[0, 0]",1
51,"[2, 3]",178.70000000000638,"[50, 77]","[14.40000000000007, 0]","[6.5999999999999845, 0]",1
52,"[2, 1]",148.59999999999954,"[51, -999]","[10.000000000000007, 0]","[0, 0]",1
53,"[2, 3]",182.2500000000072,"[52, 51]","[14.40000000000007, 0]","[0, 0]",1
54,"[0, 1]",115.44999999999558,"[47, 47]","[0, 0]","[0, 0]",1
55,"[0, 1]",116.54999999999552,"[54, 54]","[0, 0]","[0, 0]",1
56,"[0, 1]",117.59999999999546,"[55, 55]","[0, 0]","[0, 0]",1
57,"[0, 3]",148.69999999999956,"[56, 43]","[0, 0]","[0, 0]",1
58,"[0, 3]",151.00000000000009,"[57, 57]","[0, 0]","[0, 0]",1
59,"[0, 1]",122.54999999999518,"[58, 45]","[0, 0]","[0, 0]",1
60,"[2, 3]",185.00000000000784,"[53, 53]","[20.600000000000158, 0]","[0, 0]",1
61,"[2, 1]",155.65000000000114,"[60, -999]","[25.250000000000224, 0]","[0, 0]",1
62,"[2, 1]",158.1000000000017,"[61, 61]","[27.75000000000026, 0]","[0, 0]",1
63,"[2, 3]",191.25000000000924,"[62, 60]","[29.90000000000029, 0]","[0, 0]",1
64,"[2, 3]",194.05000000000987,"[63, 63]","[31.000000000000306, 0]","[0, 0]",1
65,"[2, 1]",164.6500000000032,"[64, -999]","[39.799999999999876, 0]","[0, 0]",1
66,"[2, 3]",197.40000000001064,"[65, 64]","[41.99999999999975, 0]","[0, 0]",1
67,"[2, 1]",169.35000000000426,"[66, 65]","[42.8499999999997, 0]","[0, 0]",1
68,"[2, 3]",203.20000000001195,"[67, 66]","[42.649999999999714, 0]","[0, 0]",1
69,"[2, 3]",205.90000000001257,"[68, 68]","[49.09999999999935, 0]","[0, 0]",1
70,"[0, 3]",154.5500000000009,"[59, 46]","[0, 0]","[0, 0]",1
71,"[2, 3]",208.15000000001308,"[69, 69]","[50.49999999999927, 0]","[0, 0]",1
72,"[0, 3]",155.8500000000012,"[70, 70]","[0, 0]","[0, 0]",1
73,"[0, 1]",126.44999999999496,"[72, 48]","[0.6, 0]","[0, 0]",1
74,"[2, 3]",210.2500000000136,"[71, 71]","[51.34999999999922, 0]","[0, 0]",1
75,"[0, 3]",163.20000000000286,"[73, 50]","[3.349999999999996, 0]","[2.549999999999999, 0]",1
76,"[2, 1]",180.4500000000068,"[74, -999]","[53.549999999999095, 0]","[0, 0]",1
77,"[0, 3]",164.2000000000031,"[75, 75]","[0.9000000000000002, 0]","[0, 0]",1
78,"[2, 3]",210.3000000000136,"[76, 74]","[55.649999999998975, 0]","[0, 0]",1
79,"[2, 3]",212.200000000014,"[78, 78]","[56.49999999999893, 0]","[0, 0]",1
0,"[0, 3]",105.64999999999614,"[-999, 17]","[0, 0]","[3.049999999999997, 0]",2
1,"[0, 3]",107.34999999999604,"[0, 0]","[0, 0]","[0, 0]",2
2,"[0, 1]",76.79999999999778,"[1, 19]","[0, 0]","[0, 0]",2
3,"[2, 3]",67.7499999999983,"[-999, -999]","[0, 0]","[0, 0]",2
4,"[2, 1]",37.15000000000003,"[3, -999]","[0, 0]","[0, 0]",2
5,"[0, 1]",77.94999999999771,"[2, 2]","[0, 0]","[0, 0]",2
6,"[0, 3]",109.19999999999594,"[5, 21]","[0, 0]","[0, 0]",2
7,"[2, 3]",69.4499999999982,"[4, 3]","[0, 0]","[0, 0]",2
8,"[0, 1]",80.89999999999755,"[6, 22]","[0, 0]","[0, 0]",2
9,"[0, 3]",112.04999999999578,"[8, 6]","[0, 0]","[0, 0]",2
10,"[2, 3]",71.79999999999806,"[7, 7]","[0, 0]","[0, 0]",2
11,"[0, 3]",114.24999999999564,"[9, 9]","[0, 0]","[0, 0]",2
12,"[0, 1]",85.09999999999731,"[11, 24]","[0, 0]","[0, 0]",2
13,"[2, 3]",73.59999999999796,"[10, 10]","[0, 0]","[0, 0]",2
14,"[0, 3]",116.24999999999554,"[12, 11]","[0, 0]","[0, 0]",2
15,"[2, 3]",75.09999999999788,"[13, 13]","[0, 0]","[0, 0]",2
16,"[0, 3]",118.4499999999954,"[14, 14]","[0, 0]","[0, 0]",2
17,"[2, 3]",76.4999999999978,"[15, 15]","[0, 0]","[0, 0]",2
18,"[2, 1]",46.29999999999951,"[17, -999]","[0, 0]","[0, 0]",2
19,"[2, 1]",47.39999999999944,"[18, 18]","[0, 0]","[0, 0]",2
20,"[0, 3]",119.94999999999531,"[16, 16]","[0, 0]","[0, 0]",2
21,"[2, 3]",80.84999999999755,"[19, 1]","[0, 0]","[0, 0]",2
22,"[2, 1]",56.54999999999893,"[21, 5]","[3.2499999999999964, 0]","[3.2499999999999964, 0]",2
23,"[2, 1]",63.64999999999852,"[22, 8]","[0, 0]","[0, 0]",2
24,"[2, 1]",64.1499999999985,"[23, 23]","[11.500000000000028, 0]","[0, 0]",2
25,"[2, 1]",72.899999999998,"[24, 12]","[20.70000000000016, 0]","[3.2999999999999963, 0]",2
26,"[0, 3]",121.29999999999524,"[20, 20]","[0, 0]","[0, 0]",2
27,"[2, 3]",120.79999999999528,"[25, 26]","[24.800000000000217, 0]","[9.750000000000004, 0]",2
28,"[2, 3]",127.19999999999492,"[27, 32]","[13.350000000000055, 0]","[0, 0]",2
29,"[2, 3]",128.79999999999504,"[28, 28]","[11.800000000000033, 0]","[0, 0]",2
30,"[2, 1]",98.99999999999652,"[29, 34]","[10.300000000000011, 0]","[0, 0]",2
31,"[2, 1]",101.34999999999638,"[30, 30]","[8.84999999999999, 0]","[0, 0]",2
32,"[0, 3]",127.69999999999489,"[26, 27]","[2.499999999999999, 0]","[2.499999999999999, 0]",2
33,"[0, 1]",97.09999999999664,"[32, -999]","[0, 0]","[0, 0]",2
34,"[0, 1]",98.29999999999656,"[33, 33]","[0, 0]","[0, 0]",2
35,"[2, 1]",103.64999999999624,"[31, 31]","[9.099999999999994, 0]","[0, 0]",2
36,"[0, 3]",131.14999999999557,"[34, 29]","[0, 0]","[0, 0]",2
37,"[0, 3]",132.34999999999584,"[36, 36]","[0, 0]","[0, 0]",2
38,"[2, 3]",136.74999999999685,"[35, 40]","[8.499999999999986, 0]","[0, 0]",2
39,"[2, 1]",108.149999999996,"[38, 42]","[7.349999999999982, 0]","[0, 0]",2
40,"[0, 3]",133.4999999999961,"[37, 37]","[0, 0]","[0, 0]",2
41,"[2, 1]",116.49999999999552,"[39, 45]","[7.649999999999981, 0]","[0, 0]",2
42,"[0, 1]",106.3999999999961,"[40, 35]","[0, 0]","[0, 0]",2
43,"[0, 3]",138.19999999999715,"[42, 38]","[0, 0]","[0, 0]",2
44,"[2, 3]",154.35000000000085,"[41, 49]","[11.950000000000035, 0]","[3.2999999999999963, 0]",2
45,"[0, 1]",109.9999999999959,"[43, 39]","[0, 0]","[0, 0]",2
46,"[0, 3]",140.39999999999768,"[45, 43]","[0, 0]","[0, 0]",2
47,"[2, 3]",156.45000000000132,"[44, 44]","[9.099999999999994, 0]","[0, 0]",2
48,"[2, 3]",163.60000000000295,"[47, 54]","[9.850000000000005, 0]","[0, 0]",2
49,"[0, 3]",142.59999999999818,"[46, 46]","[0, 0]","[0, 0]",2
50,"[0, 1]",113.89999999999569,"[49, 41]","[0, 0]","[0, 0]",2
51,"[2, 1]",134.24999999999628,"[48, 57]","[15.650000000000087, 0]","[0, 0]",2
52,"[0, 1]",114.9499999999956,"[50, 50]","[0, 0]","[0, 0]",2
53,"[2, 1]",153.2500000000006,"[51, 69]","[27.10000000000025, 0]","[9.800000000000004, 0]",2
54,"[0, 3]",147.79999999999936,"[52, 47]","[0, 0]","[0, 0]",2
55,"[2, 1]",158.30000000000177,"[53, 70]","[18.850000000000133, 0]","[0, 0]",2
56,"[2, 1]",164.80000000000322,"[55, 72]","[18.60000000000013, 0]","[0, 0]",2
57,"[0, 1]",118.5499999999954,"[54, 52]","[0, 0]","[0, 0]",2
58,"[2, 3]",194.90000000001007,"[56, 71]","[17.95000000000012, 0]","[0, 0]",2
59,"[2, 3]",208.9500000000133,"[58, 79]","[21.000000000000163, 0]","[3.149999999999997, 0]",2
60,"[2, 1]",177.9000000000062,"[59, -999]","[19.40000000000014, 0]","[0, 0]",2
61,"[2, 3]",211.0500000000137,"[60, 59]","[20.75000000000016, 0]","[0, 0]",2
62,"[2, 3]",214.0500000000144,"[61, 61]","[22.500000000000185, 0]","[0, 0]",2
63,"[0, 3]",150.49999999999997,"[57, 48]","[0, 0]","[0, 0]",2
64,"[0, 1]",121.64999999999525,"[63, 51]","[0, 0]","[0, 0]",2
65,"[0, 1]",122.54999999999518,"[64, 64]","[0, 0]","[0, 0]",2
66,"[2, 1]",184.9500000000078,"[62, -999]","[26.850000000000247, 0]","[0, 0]",2
67,"[2, 3]",218.0000000000153,"[66, 62]","[32.3500000000003, 0]","[0, 0]",2
68,"[2, 1]",190.45000000000903,"[67, 66]","[36.45000000000007, 0]","[0, 0]",2
69,"[0, 1]",123.59999999999512,"[65, 65]","[0, 0]","[0, 0]",2
70,"[0, 1]",129.8999999999953,"[69, 53]","[2.499999999999999, 0]","[2.499999999999999, 0]",2
71,"[0, 3]",159.50000000000202,"[70, 63]","[0, 0]","[0, 0]",2
72,"[0, 1]",130.89999999999552,"[71, 55]","[0, 0]","[0, 0]",2
73,"[2, 3]",223.75000000001663,"[68, 67]","[39.49999999999989, 0]","[0, 0]",2
74,"[2, 1]",195.60000000001023,"[73, 68]","[41.949999999999754, 0]","[0, 0]",2
75,"[2, 1]",198.0500000000108,"[74, 74]","[49.149999999999345, 0]","[0, 0]",2
76,"[0, 1]",137.74999999999707,"[72, 56]","[2.5999999999999988, 0]","[2.5999999999999988, 0]",2
77,"[2, 3]",230.15000000001808,"[75, 73]","[52.34999999999916, 0]","[0, 0]",2
78,"[0, 3]",169.0500000000042,"[76, 58]","[0, 0]","[0, 0]",2
79,"[0, 3]",170.55000000000453,"[78, 78]","[0, 0]","[0, 0]",2
0,"[2, 1]",36.40000000000007,"[-999, -999]","[0, 0]","[0, 0]",3
1,"[2, 1]",38.09999999999997,"[0, 0]","[0, 0]","[0, 0]",3
2,"[2, 3]",68.64999999999824,"[1, -999]","[0, 0]","[0, 0]",3
3,"[0, 3]",97.6499999999966,"[-999, 11]","[0, 0]","[0, 0]",3
4,"[0, 1]",70.29999999999815,"[3, 13]","[0, 0]","[0, 0]",3
5,"[2, 3]",71.34999999999809,"[2, 2]","[0, 0]","[0, 0]",3
6,"[0, 1]",76.3499999999978,"[4, 21]","[2.3999999999999995, 0]","[2.3999999999999995, 0]",3
7,"[2, 1]",41.29999999999979,"[5, 1]","[0, 0]","[0, 0]",3
8,"[0, 3]",107.79999999999602,"[6, 23]","[0, 0]","[0, 0]",3
9,"[2, 3]",71.0999999999981,"[7, 5]","[0, 0]","[0, 0]",3
10,"[0, 3]",109.29999999999592,"[8, 8]","[0, 0]","[0, 0]",3
11,"[2, 3]",72.999999999998,"[9, 9]","[0, 0]","[0, 0]",3
12,"[2, 1]",42.54999999999972,"[11, 7]","[0, 0]","[0, 0]",3
13,"[2, 1]",43.99999999999964,"[12, 12]","[0, 0]","[0, 0]",3
14,"[0, 1]",80.24999999999758,"[10, 6]","[0, 0]","[0, 0]",3
15,"[0, 1]",81.34999999999752,"[14, 14]","[0, 0]","[0, 0]",3
16,"[0, 1]",82.39999999999746,"[15, 15]","[0, 0]","[0, 0]",3
17,"[0, 1]",88.39999999999712,"[16, 27]","[2.3999999999999995, 0]","[2.3999999999999995, 0]",3
18,"[0, 1]",88.7499999999971,"[17, 17]","[0, 0]","[0, 0]",3
19,"[0, 1]",89.64999999999705,"[18, 18]","[0, 0]","[0, 0]",3
20,"[0, 1]",94.99999999999676,"[19, 32]","[2.4499999999999993, 0]","[2.4499999999999993, 0]",3
21,"[2, 1]",51.249999999999226,"[13, 4]","[2.799999999999998, 0]","[2.799999999999998, 0]",3
22,"[0, 1]",95.59999999999673,"[20, 20]","[0, 0]","[0, 0]",3
23,"[2, 3]",80.34999999999758,"[21, 3]","[3.649999999999995, 0]","[3.349999999999996, 0]",3
24,"[2, 3]",93.9999999999968,"[23, 10]","[9.149999999999995, 0]","[5.09999999999999, 0]",3
25,"[0, 3]",126.19999999999496,"[22, 33]","[0, 0]","[0, 0]",3
26,"[0, 1]",97.84999999999658,"[25, 34]","[0, 0]","[0, 0]",3
27,"[2, 1]",76.29999999999781,"[24, 16]","[21.900000000000176, 0]","[6.449999999999985, 0]",3
28,"[0, 3]",130.59999999999545,"[26, 36]","[0, 0]","[0, 0]",3
29,"[0, 1]",101.44999999999638,"[28, 26]","[0, 0]","[0, 0]",3
30,"[2, 3]",105.14999999999615,"[27, 24]","[28.60000000000027, 0]","[0.2, 0]",3
31,"[2, 3]",108.49999999999598,"[30, 30]","[28.50000000000027, 0]","[0, 0]",3
32,"[2, 1]",83.4499999999974,"[31, 19]","[26.150000000000237, 0]","[0, 0]",3
33,"[2, 3]",113.69999999999568,"[32, 31]","[24.450000000000212, 0]","[0, 0]",3
34,"[2, 1]",90.14999999999702,"[33, 22]","[22.85000000000019, 0]","[0, 0]",3
35,"[0, 1]",102.49999999999632,"[29, 29]","[0, 0]","[0, 0]",3
36,"[2, 3]",122.69999999999516,"[34, 25]","[21.35000000000017, 0]","[0, 0]",3
37,"[0, 1]",103.59999999999626,"[35, 35]","[0, 0]","[0, 0]",3
38,"[0, 1]",104.6999999999962,"[37, 37]","[0, 0]","[0, 0]",3
39,"[0, 1]",110.64999999999586,"[38, 42]","[2.499999999999999, 0]","[2.499999999999999, 0]",3
40,"[2, 3]",130.74999999999548,"[36, 28]","[23.050000000000193, 0]","[3.099999999999997, 0]",3
41,"[0, 3]",140.4999999999977,"[39, 40]","[0, 0]","[0, 0]",3
42,"[2, 1]",117.74999999999544,"[40, 38]","[28.250000000000266, 0]","[9.800000000000004, 0]",3
43,"[0, 1]",118.4499999999954,"[41, 47]","[3.1999999999999966, 0]","[3.1999999999999966, 0]",3
44,"[0, 1]",123.79999999999512,"[43, 49]","[2.1500000000000004, 0]","[2.1500000000000004, 0]",3
45,"[0, 3]",152.25000000000037,"[44, 41]","[0, 0]","[0, 0]",3
46,"[2, 1]",122.69999999999516,"[42, 39]","[17.000000000000107, 0]","[0, 0]",3
47,"[2, 1]",122.64999999999516,"[46, 46]","[16.5000000000001, 0]","[0, 0]",3
48,"[0, 3]",154.6000000000009,"[45, 45]","[0, 0]","[0, 0]",3
49,"[2, 1]",129.9999999999953,"[47, 43]","[15.900000000000091, 0]","[0, 0]",3
50,"[2, 1]",135.6999999999966,"[49, 44]","[14.800000000000075, 0]","[0, 0]",3
51,"[0, 3]",156.20000000000127,"[48, 48]","[0, 0]","[0, 0]",3
52,"[0, 3]",157.55000000000155,"[51, 51]","[0, 0]","[0, 0]",3
53,"[0, 3]",163.95000000000303,"[52, 54]","[2.3999999999999995, 0]","[2.3999999999999995, 0]",3
54,"[2, 3]",183.6500000000075,"[50, 52]","[23.000000000000192, 0]","[9.399999999999999, 0]",3
55,"[2, 3]",194.85000000001008,"[54, 56]","[15.85000000000009, 0]","[3.149999999999997, 0]",3
56,"[0, 3]",164.7500000000032,"[53, 53]","[0, 0]","[0, 0]",3
57,"[2, 1]",162.80000000000277,"[55, -999]","[13.550000000000058, 0]","[0, 0]",3
58,"[2, 1]",165.40000000000336,"[57, 57]","[15.000000000000078, 0]","[0, 0]",3
59,"[0, 3]",170.55000000000453,"[56, 55]","[2.3999999999999995, 0]","[2.3999999999999995, 0]",3
60,"[0, 3]",171.3000000000047,"[59, 59]","[0, 0]","[0, 0]",3
61,"[0, 1]",142.19999999999808,"[60, 58]","[0, 0]","[0, 0]",3
62,"[0, 1]",148.8999999999996,"[61, 63]","[1.7500000000000009, 0]","[1.7500000000000009, 0]",3
63,"[2, 1]",173.65000000000524,"[58, 61]","[18.100000000000122, 0]","[0, 0]",3
64,"[2, 1]",179.10000000000647,"[63, 62]","[21.000000000000163, 0]","[0, 0]",3
65,"[0, 3]",177.4000000000061,"[62, 60]","[0, 0]","[0, 0]",3
66,"[0, 1]",149.2499999999997,"[65, 64]","[0, 0]","[0, 0]",3
67,"[0, 3]",181.95000000000712,"[66, 70]","[0, 0]","[0, 0]",3
68,"[0, 1]",153.5500000000007,"[67, 71]","[0, 0]","[0, 0]",3
69,"[0, 3]",185.850000000008,"[68, 72]","[0, 0]","[0, 0]",3
70,"[2, 3]",211.3000000000138,"[64, 65]","[26.30000000000024, 0]","[0, 0]",3
71,"[2, 1]",182.4000000000072,"[70, 66]","[29.95000000000029, 0]","[0, 0]",3
72,"[2, 3]",216.2000000000149,"[71, 67]","[31.550000000000313, 0]","[0, 0]",3
73,"[2, 1]",187.20000000000832,"[72, 68]","[34.900000000000155, 0]","[0, 0]",3
74,"[0, 3]",187.20000000000832,"[69, 69]","[1.5000000000000007, 0]","[0, 0]",3
75,"[0, 1]",159.15000000000194,"[74, 78]","[2.849999999999998, 0]","[0, 0]",3
76,"[0, 3]",189.2500000000088,"[75, 74]","[2.549999999999999, 0]","[0, 0]",3
77,"[0, 1]",154.1000000000008,"[76, 79]","[1.5000000000000007, 0]","[0, 0]",3
78,"[2, 1]",189.6000000000089,"[73, 73]","[38.19999999999997, 0]","[0, 0]",3
79,"[2, 1]",197.60000000001068,"[78, 75]","[40.549999999999834, 0]","[0, 0]",3
0,"[0, 1]",67.49999999999831,"[-999, 10]","[0, 0]","[0, 0]",4
1,"[2, 3]",67.7499999999983,"[-999, -999]","[0, 0]","[0, 0]",4
2,"[0, 3]",100.59999999999644,"[0, 12]","[0, 0]","[0, 0]",4
3,"[2, 1]",37.15000000000003,"[1, -999]","[0, 0]","[0, 0]",4
4,"[0, 3]",102.54999999999632,"[2, 2]","[0, 0]","[0, 0]",4
5,"[0, 3]",109.29999999999592,"[4, 16]","[1.5500000000000007, 0]","[1.5500000000000007, 0]",4
6,"[2, 3]",69.99999999999817,"[3, 1]","[0, 0]","[0, 0]",4
7,"[0, 1]",79.29999999999764,"[5, 17]","[0, 0]","[0, 0]",4
8,"[2, 1]",37.65,"[6, 3]","[0, 0]","[0, 0]",4
9,"[2, 1]",39.649999999999885,"[8, 8]","[0, 0]","[0, 0]",4
10,"[2, 1]",41.54999999999978,"[9, 9]","[0, 0]","[0, 0]",4
11,"[0, 1]",79.8499999999976,"[7, 7]","[0, 0]","[0, 0]",4
12,"[2, 3]",72.59999999999802,"[10, 6]","[0, 0]","[0, 0]",4
13,"[0, 3]",113.89999999999569,"[11, 26]","[0, 0]","[0, 0]",4
14,"[2, 1]",48.2499999999994,"[12, 0]","[3.649999999999995, 0]","[3.649999999999995, 0]",4
15,"[0, 3]",120.14999999999532,"[13, 34]","[2.799999999999998, 0]","[2.799999999999998, 0]",4
16,"[2, 3]",86.04999999999725,"[14, 4]","[2.9499999999999975, 0]","[2.9499999999999975, 0]",4
17,"[2, 1]",55.79999999999897,"[16, 14]","[0, 0]","[0, 0]",4
18,"[0, 3]",120.99999999999528,"[15, 15]","[0, 0]","[0, 0]",4
19,"[0, 3]",126.89999999999492,"[18, 35]","[2.3999999999999995, 0]","[2.3999999999999995, 0]",4
20,"[2, 3]",89.39999999999706,"[17, 5]","[0, 0]","[0, 0]",4
21,"[0, 3]",132.49999999999588,"[19, 37]","[1.950000000000001, 0]","[1.950000000000001, 0]",4
22,"[0, 3]",138.04999999999714,"[21, 41]","[2.2, 0]","[2.2, 0]",4
23,"[0, 3]",143.34999999999835,"[22, 42]","[2.25, 0]","[2.25, 0]",4
24,"[0, 3]",144.0499999999985,"[23, 23]","[0, 0]","[0, 0]",4
25,"[0, 1]",115.0499999999956,"[24, 44]","[0, 0]","[0, 0]",4
26,"[2, 3]",91.44999999999696,"[20, 20]","[0, 0]","[0, 0]",4
27,"[0, 3]",147.0499999999992,"[25, 45]","[0, 0]","[0, 0]",4
28,"[0, 1]",117.84999999999545,"[27, 25]","[0, 0]","[0, 0]",4
29,"[0, 3]",150.1999999999999,"[28, 52]","[0.7500000000000001, 0]","[0, 0]",4
30,"[0, 1]",121.14999999999526,"[29, 54]","[0.8000000000000002, 0]","[0, 0]",4
31,"[0, 1]",122.0999999999952,"[30, 30]","[0.6, 0]","[0, 0]",4
32,"[0, 1]",123.09999999999516,"[31, 31]","[0.2, 0]","[0, 0]",4
33,"[0, 3]",153.95000000000076,"[32, 57]","[0, 0]","[0, 0]",4
34,"[2, 3]",98.64999999999654,"[26, 13]","[13.300000000000054, 0]","[0, 0]",4
35,"[2, 3]",109.8499999999959,"[34, 18]","[13.900000000000063, 0]","[2.5999999999999988, 0]",4
36,"[0, 1]",125.39999999999502,"[33, 59]","[0.49999999999999994, 0]","[0, 0]",4
37,"[2, 3]",115.94999999999555,"[35, 19]","[9.600000000000001, 0]","[0, 0]",4
38,"[0, 3]",158.0500000000017,"[36, 65]","[1.7000000000000008, 0]","[0, 0]",4
39,"[0, 3]",159.50000000000202,"[38, 38]","[2.6499999999999986, 0]","[0, 0]",4
40,"[0, 1]",131.34999999999562,"[39, 70]","[3.699999999999995, 0]","[0, 0]",4
41,"[2, 3]",121.9499999999952,"[37, 21]","[8.09999999999998, 0]","[0, 0]",4
42,"[2, 3]",127.79999999999488,"[41, 22]","[6.699999999999984, 0]","[0, 0]",4
43,"[2, 1]",96.24999999999667,"[42, -999]","[5.349999999999989, 0]","[0, 0]",4
44,"[2, 1]",99.04999999999652,"[43, 43]","[3.999999999999994, 0]","[0, 0]",4
45,"[2, 3]",131.7499999999957,"[44, 24]","[2.5999999999999988, 0]","[0, 0]",4
46,"[0, 1]",137.74999999999707,"[40, 72]","[7.89999999999998, 0]","[2.849999999999998, 0]",4
47,"[0, 3]",169.1500000000042,"[46, 75]","[7.99999999999998, 0]","[1.950000000000001, 0]",4
48,"[0, 1]",140.34999999999766,"[47, 46]","[6.499999999999985, 0]","[0, 0]",4
49,"[0, 1]",141.4499999999979,"[48, 48]","[6.749999999999984, 0]","[0, 0]",4
50,"[0, 3]",172.80000000000504,"[49, 76]","[6.8999999999999835, 0]","[0, 0]",4
51,"[0, 1]",144.4499999999986,"[50, 77]","[6.949999999999983, 0]","[0, 0]",4
52,"[2, 3]",139.49999999999747,"[45, 27]","[4.399999999999992, 0]","[3.1999999999999966, 0]",4
53,"[0, 1]",145.54999999999885,"[51, 51]","[6.999999999999983, 0]","[0, 0]",4
54,"[2, 1]",109.8499999999959,"[52, 28]","[2.4499999999999993, 0]","[0, 0]",4
55,"[0, 3]",176.65000000000592,"[53, 50]","[7.249999999999982, 0]","[0, 0]",4
56,"[2, 3]",143.5999999999984,"[54, 29]","[5.899999999999987, 0]","[0, 0]",4
57,"[2, 3]",145.89999999999893,"[56, 56]","[9.049999999999994, 0]","[0, 0]",4
58,"[0, 1]",149.2999999999997,"[55, 53]","[7.89999999999998, 0]","[0, 0]",4
59,"[2, 1]",120.5499999999953,"[57, 32]","[11.950000000000035, 0]","[0, 0]",4
60,"[0, 1]",150.39999999999995,"[58, 58]","[8.199999999999982, 0]","[0, 0]",4
61,"[0, 3]",181.50000000000705,"[60, 55]","[7.79999999999998, 0]","[0, 0]",4
62,"[0, 3]",183.6500000000075,"[61, 61]","[6.999999999999983, 0]","[0, 0]",4
63,"[0, 1]",143.0999999999983,"[62, 60]","[0, 0]","[0, 0]",4
64,"[0, 3]",173.80000000000527,"[63, 62]","[0, 0]","[0, 0]",4
65,"[2, 3]",153.05000000000055,"[59, 33]","[18.100000000000122, 0]","[0, 0]",4
66,"[0, 3]",175.7000000000057,"[64, 64]","[0.49999999999999994, 0]","[0, 0]",4
67,"[0, 1]",146.49999999999906,"[66, 63]","[1.4000000000000006, 0]","[0, 0]",4
68,"[0, 3]",175.45000000000564,"[67, 66]","[1.850000000000001, 0]","[0, 0]",4
69,"[2, 1]",123.9999999999951,"[65, 36]","[22.700000000000188, 0]","[0, 0]",4
70,"[2, 1]",126.34999999999496,"[69, 69]","[23.4500000000002, 0]","[0, 0]",4
71,"[0, 1]",141.4499999999979,"[68, 67]","[2.2, 0]","[0, 0]",4
72,"[2, 1]",134.3999999999963,"[70, 40]","[24.050000000000207, 0]","[0, 0]",4
73,"[0, 3]",172.45000000000496,"[71, 68]","[2.499999999999999, 0]","[0, 0]",4
74,"[0, 1]",144.79999999999868,"[73, 71]","[2.7499999999999982, 0]","[0, 0]",4
75,"[2, 3]",164.95000000000326,"[72, 39]","[24.100000000000207, 0]","[0, 0]",4
76,"[2, 3]",173.70000000000525,"[75, 47]","[27.05000000000025, 0]","[2.9499999999999975, 0]",4
77,"[2, 1]",150.90000000000006,"[76, 49]","[27.75000000000026, 0]","[3.349999999999996, 0]",4
78,"[0, 1]",145.69999999999888,"[74, 74]","[3.8499999999999943, 0]","[0, 0]",4
79,"[0, 1]",146.39999999999904,"[78, 78]","[4.449999999999992, 0]","[0, 0]",4
0,"[2, 1]",36.40000000000007,"[-999, -999]","[0, 0]","[0, 0]",5
1,"[2, 1]",38.09999999999997,"[0, 0]","[0, 0]","[0, 0]",5
2,"[2, 1]",39.89999999999987,"[1, 1]","[0, 0]","[0, 0]",5
3,"[2, 1]",41.79999999999976,"[2, 2]","[0, 0]","[0, 0]",5
4,"[2, 1]",43.54999999999966,"[3, 3]","[0, 0]","[0, 0]",5
5,"[2, 1]",45.099999999999575,"[4, 4]","[0, 0]","[0, 0]",5
6,"[2, 1]",46.349999999999504,"[5, 5]","[0, 0]","[0, 0]",5
7,"[2, 1]",47.39999999999944,"[6, 6]","[0, 0]","[0, 0]",5
8,"[2, 1]",48.49999999999938,"[7, 7]","[0, 0]","[0, 0]",5
9,"[2, 1]",50.14999999999929,"[8, 8]","[0, 0]","[0, 0]",5
10,"[2, 1]",52.14999999999917,"[9, 9]","[0, 0]","[0, 0]",5
11,"[2, 1]",53.99999999999907,"[10, 10]","[0, 0]","[0, 0]",5
12,"[2, 1]",56.04999999999895,"[11, 11]","[7.699999999999981, 0]","[0, 0]",5
13,"[2, 1]",58.34999999999882,"[12, 12]","[9.5, 0]","[0, 0]",5
14,"[2, 3]",91.14999999999696,"[13, 34]","[7.149999999999983, 0]","[0, 0]",5
15,"[2, 1]",68.34999999999826,"[14, 39]","[5.449999999999989, 0]","[0, 0]",5
16,"[2, 1]",73.89999999999795,"[15, 41]","[3.899999999999994, 0]","[0, 0]",5
17,"[2, 1]",79.24999999999764,"[16, 43]","[2.3999999999999995, 0]","[0, 0]",5
18,"[2, 3]",109.8999999999959,"[17, 14]","[0.8500000000000002, 0]","[0, 0]",5
19,"[0, 3]",96.59999999999664,"[-999, -999]","[0, 0]","[0, 0]",5
20,"[2, 1]",85.2499999999973,"[18, 47]","[0, 0]","[0, 0]",5
21,"[2, 1]",86.79999999999721,"[20, 20]","[0, 0]","[0, 0]",5
22,"[2, 1]",95.14999999999674,"[21, 51]","[0, 0]","[0, 0]",5
23,"[2, 1]",106.2999999999961,"[22, 54]","[2.3999999999999995, 0]","[2.3999999999999995, 0]",5
24,"[2, 1]",111.24999999999582,"[23, 55]","[0.7000000000000001, 0]","[0, 0]",5
25,"[2, 3]",142.04999999999805,"[24, 50]","[3.2999999999999963, 0]","[0, 0]",5
26,"[2, 1]",116.8999999999955,"[25, 57]","[3.599999999999995, 0]","[0, 0]",5
27,"[2, 1]",130.19999999999536,"[26, 61]","[11.200000000000024, 0]","[6.549999999999985, 0]",5
28,"[2, 1]",135.94999999999666,"[27, 63]","[5.299999999999989, 0]","[0, 0]",5
29,"[2, 1]",141.4499999999979,"[28, 64]","[7.499999999999981, 0]","[0, 0]",5
30,"[2, 1]",146.79999999999913,"[29, 66]","[10.300000000000011, 0]","[0, 0]",5
31,"[2, 1]",152.05000000000032,"[30, 67]","[13.500000000000057, 0]","[0, 0]",5
32,"[2, 1]",163.4000000000029,"[31, 69]","[19.000000000000135, 0]","[2.5999999999999988, 0]",5
33,"[2, 1]",168.30000000000402,"[32, 71]","[17.90000000000012, 0]","[0, 0]",5
34,"[0, 3]",96.84999999999664,"[19, 19]","[0, 0]","[0, 0]",5
35,"[0, 1]",73.54999999999797,"[34, 13]","[0, 0]","[0, 0]",5
36,"[2, 1]",173.70000000000525,"[33, 72]","[26.50000000000024, 0]","[0, 0]",5
37,"[2, 1]",179.2000000000065,"[36, 73]","[29.85000000000029, 0]","[0, 0]",5
38,"[2, 1]",184.6500000000077,"[37, 74]","[32.4000000000003, 0]","[0, 0]",5
39,"[0, 1]",74.29999999999792,"[35, 35]","[0, 0]","[0, 0]",5
40,"[2, 1]",190.200000000009,"[38, 75]","[33.500000000000234, 0]","[0, 0]",5
41,"[0, 1]",80.24999999999758,"[39, 15]","[2.549999999999999, 0]","[2.549999999999999, 0]",5
42,"[2, 3]",221.050000000016,"[40, -999]","[33.35000000000024, 0]","[0, 0]",5
43,"[0, 1]",86.74999999999721,"[41, 16]","[1.7500000000000009, 0]","[1.7500000000000009, 0]",5
44,"[2, 1]",193.40000000000973,"[42, 76]","[33.10000000000026, 0]","[0, 0]",5
45,"[0, 1]",91.89999999999692,"[43, 17]","[2.3, 0]","[2.3, 0]",5
46,"[2, 1]",195.80000000001027,"[44, 44]","[38.949999999999925, 0]","[0, 0]",5
47,"[0, 1]",91.29999999999696,"[45, 45]","[0, 0]","[0, 0]",5
48,"[0, 3]",121.19999999999526,"[47, 18]","[0, 0]","[0, 0]",5
49,"[2, 1]",197.80000000001075,"[46, 46]","[40.29999999999985, 0]","[0, 0]",5
50,"[0, 3]",123.19999999999514,"[48, 48]","[1.0000000000000002, 0]","[0, 0]",5
51,"[0, 1]",95.14999999999674,"[50, 21]","[2.000000000000001, 0]","[0, 0]",5
52,"[0, 1]",102.09999999999634,"[51, 22]","[3.2999999999999963, 0]","[1.6500000000000008, 0]",5
53,"[2, 1]",200.05000000001124,"[49, 49]","[41.54999999999978, 0]","[0, 0]",5
54,"[0, 1]",101.44999999999638,"[52, 52]","[1.1500000000000004, 0]","[0, 0]",5
55,"[0, 1]",106.84999999999609,"[54, 23]","[2.9999999999999973, 0]","[2.549999999999999, 0]",5
56,"[0, 1]",113.19999999999573,"[55, 24]","[2.3, 0]","[2.3, 0]",5
57,"[0, 1]",112.54999999999576,"[56, 56]","[0, 0]","[0, 0]",5
58,"[0, 3]",142.59999999999818,"[57, 25]","[0, 0]","[0, 0]",5
59,"[2, 1]",201.95000000001167,"[53, 53]","[44.29999999999962, 0]","[0, 0]",5
60,"[0, 1]",114.29999999999563,"[58, 26]","[0.1, 0]","[0, 0]",5
61,"[0, 1]",115.2999999999956,"[60, 60]","[1.0000000000000002, 0]","[0, 0]",5
62,"[0, 3]",146.34999999999903,"[61, 58]","[1.4500000000000006, 0]","[0, 0]",5
63,"[0, 1]",117.54999999999546,"[62, 27]","[1.800000000000001, 0]","[0, 0]",5
64,"[0, 1]",122.99999999999515,"[63, 28]","[4.399999999999992, 0]","[2.3, 0]",5
65,"[2, 1]",201.5500000000116,"[59, 59]","[48.84999999999936, 0]","[0, 0]",5
66,"[0, 1]",127.99999999999488,"[64, 29]","[4.899999999999991, 0]","[2.499999999999999, 0]",5
67,"[0, 1]",132.84999999999596,"[66, 30]","[5.09999999999999, 0]","[2.4499999999999993, 0]",5
68,"[0, 1]",138.64999999999728,"[67, 31]","[5.699999999999988, 0]","[2.799999999999998, 0]",5
69,"[0, 1]",138.64999999999728,"[68, 68]","[3.099999999999997, 0]","[0, 0]",5
70,"[2, 1]",202.30000000001172,"[65, 65]","[50.69999999999926, 0]","[0, 0]",5
71,"[0, 1]",144.34999999999857,"[69, 32]","[5.799999999999987, 0]","[2.499999999999999, 0]",5
72,"[0, 1]",150.75000000000003,"[71, 33]","[5.399999999999989, 0]","[1.900000000000001, 0]",5
73,"[0, 1]",155.8500000000012,"[72, 36]","[5.849999999999987, 0]","[2.1500000000000004, 0]",5
74,"[0, 1]",161.00000000000236,"[73, 37]","[6.349999999999985, 0]","[2.4499999999999993, 0]",5
75,"[0, 1]",166.0500000000035,"[74, 38]","[6.699999999999984, 0]","[2.5999999999999988, 0]",5
76,"[0, 1]",171.10000000000466,"[75, 40]","[6.649999999999984, 0]","[2.3499999999999996, 0]",5
77,"[2, 1]",204.20000000001215,"[70, 70]","[51.249999999999226, 0]","[0, 0]",5
78,"[0, 3]",202.60000000001185,"[76, 42]","[7.99999999999998, 0]","[2.25, 0]",5
79,"[0, 3]",204.2500000000122,"[78, 78]","[6.649999999999984, 0]","[0, 0]",5
0,"[2, 1]",36.40000000000007,"[-999, -999]","[0, 0]","[0, 0]",6
1,"[0, 1]",73.64999999999796,"[-999, 8]","[0, 0]","[3.1999999999999966, 0]",6
2,"[2, 1]",38.09999999999997,"[0, 0]","[0, 0]","[0, 0]",6
3,"[2, 1]",39.89999999999987,"[2, 2]","[0, 0]","[0, 0]",6
4,"[2, 3]",69.24999999999821,"[3, -999]","[0, 0]","[0, 0]",6
5,"[2, 1]",37.74999999999999,"[4, 3]","[0, 0]","[0, 0]",6
6,"[2, 1]",39.54999999999989,"[5, 5]","[0, 0]","[0, 0]",6
7,"[2, 1]",41.34999999999979,"[6, 6]","[0, 0]","[0, 0]",6
8,"[2, 1]",43.29999999999968,"[7, 7]","[0, 0]","[0, 0]",6
9,"[2, 1]",50.69999999999926,"[8, 1]","[1.4000000000000006, 0]","[1.4000000000000006, 0]",6
10,"[2, 1]",50.99999999999924,"[9, 9]","[3.2499999999999964, 0]","[3.2499999999999964, 0]",6
11,"[2, 1]",57.39999999999888,"[10, 19]","[5.949999999999987, 0]","[2.25, 0]",6
12,"[2, 3]",87.19999999999719,"[11, 4]","[10.90000000000002, 0]","[1.1500000000000004, 0]",6
13,"[2, 1]",76.09999999999782,"[12, 36]","[20.500000000000156, 0]","[9.650000000000002, 0]",6
14,"[2, 1]",91.39999999999696,"[13, 40]","[21.250000000000167, 0]","[9.850000000000005, 0]",6
15,"[2, 1]",96.24999999999667,"[14, 41]","[9.049999999999994, 0]","[0, 0]",6
16,"[2, 1]",101.59999999999636,"[15, 44]","[7.399999999999982, 0]","[0, 0]",6
17,"[2, 1]",107.34999999999604,"[16, 46]","[5.849999999999987, 0]","[0, 0]",6
18,"[2, 1]",118.5499999999954,"[17, 50]","[6.549999999999985, 0]","[2.2, 0]",6
19,"[0, 1]",67.94999999999828,"[1, 10]","[0, 0]","[0, 0]",6
20,"[2, 1]",123.49999999999513,"[18, 51]","[2.849999999999998, 0]","[0, 0]",6
21,"[2, 1]",134.59999999999636,"[20, 53]","[5.349999999999989, 0]","[2.4499999999999993, 0]",6
22,"[2, 1]",139.54999999999748,"[21, 56]","[2.9999999999999973, 0]","[0, 0]",6
23,"[2, 1]",144.8999999999987,"[22, 57]","[4.6499999999999915, 0]","[0, 0]",6
24,"[2, 1]",150.6,"[23, 59]","[8.399999999999984, 0]","[0, 0]",6
25,"[2, 1]",156.20000000000127,"[24, 60]","[24.25000000000021, 0]","[0, 0]",6
26,"[2, 1]",161.50000000000247,"[25, 61]","[27.650000000000258, 0]","[0, 0]",6
27,"[0, 1]",68.89999999999823,"[19, 11]","[0, 0]","[0, 0]",6
28,"[2, 1]",167.0500000000037,"[26, 63]","[30.350000000000296, 0]","[0, 0]",6
29,"[2, 1]",172.25000000000492,"[28, 64]","[33.45000000000024, 0]","[0, 0]",6
30,"[2, 3]",204.40000000001223,"[29, 65]","[36.25000000000008, 0]","[0, 0]",6
31,"[2, 3]",206.8000000000128,"[30, 30]","[40.899999999999814, 0]","[0, 0]",6
32,"[2, 3]",209.2000000000133,"[31, 31]","[44.049999999999635, 0]","[0, 0]",6
33,"[0, 1]",68.64999999999824,"[27, 27]","[0, 0]","[0, 0]",6
34,"[2, 3]",211.55000000001385,"[32, 32]","[46.79999999999948, 0]","[0, 0]",6
35,"[0, 1]",70.69999999999813,"[33, 33]","[0, 0]","[0, 0]",6
36,"[0, 1]",71.59999999999808,"[35, 35]","[0, 0]","[0, 0]",6
37,"[0, 1]",78.1999999999977,"[36, 13]","[2.2, 0]","[2.2, 0]",6
38,"[0, 1]",77.89999999999772,"[37, 37]","[0, 0]","[0, 0]",6
39,"[2, 1]",190.7000000000091,"[34, 73]","[51.799999999999194, 0]","[3.049999999999997, 0]",6
40,"[0, 1]",78.74999999999767,"[38, 38]","[0, 0]","[0, 0]",6
41,"[0, 1]",84.64999999999733,"[40, 14]","[2.4499999999999993, 0]","[2.4499999999999993, 0]",6
42,"[2, 1]",195.5000000000102,"[39, 74]","[50.09999999999929, 0]","[0, 0]",6
43,"[2, 3]",227.70000000001752,"[42, 75]","[51.34999999999922, 0]","[0, 0]",6
44,"[0, 1]",89.39999999999706,"[41, 15]","[2.549999999999999, 0]","[2.549999999999999, 0]",6
45,"[2, 1]",203.70000000001207,"[43, 78]","[52.79999999999914, 0]","[0, 0]",6
46,"[0, 1]",95.44999999999672,"[44, 16]","[2.849999999999998, 0]","[2.849999999999998, 0]",6
47,"[0, 1]",101.34999999999638,"[46, 17]","[2.000000000000001, 0]","[2.000000000000001, 0]",6
48,"[2, 3]",233.8000000000189,"[45, 43]","[53.4499999999991, 0]","[0, 0]",6
49,"[2, 3]",236.9000000000196,"[48, 48]","[54.049999999999066, 0]","[0, 0]",6
50,"[0, 1]",100.74999999999642,"[47, 47]","[0, 0]","[0, 0]",6
51,"[0, 1]",106.14999999999613,"[50, 18]","[2.4499999999999993, 0]","[2.4499999999999993, 0]",6
52,"[0, 1]",112.64999999999574,"[51, 20]","[1.6000000000000008, 0]","[1.6000000000000008, 0]",6
53,"[0, 1]",111.99999999999578,"[52, 52]","[0, 0]","[0, 0]",6
54,"[2, 1]",207.850000000013,"[49, 45]","[55.249999999999, 0]","[0, 0]",6
55,"[2, 3]",240.8500000000205,"[54, 49]","[57.64999999999886, 0]","[0, 0]",6
56,"[0, 1]",117.39999999999549,"[53, 21]","[2.4499999999999993, 0]","[2.4499999999999993, 0]",6
57,"[0, 1]",123.74999999999513,"[56, 22]","[2.0500000000000007, 0]","[2.0500000000000007, 0]",6
58,"[0, 3]",152.20000000000036,"[57, -999]","[0, 0]","[0, 0]",6
59,"[0, 1]",123.34999999999512,"[58, 23]","[0, 0]","[0, 0]",6
60,"[0, 1]",128.79999999999504,"[59, 24]","[2.4499999999999993, 0]","[2.4499999999999993, 0]",6
61,"[0, 1]",133.79999999999615,"[60, 25]","[2.549999999999999, 0]","[2.549999999999999, 0]",6
62,"[2, 3]",243.55000000002116,"[55, 55]","[58.39999999999882, 0]","[0, 0]",6
63,"[0, 1]",138.94999999999737,"[61, 26]","[2.5999999999999988, 0]","[2.5999999999999988, 0]",6
64,"[0, 1]",145.14999999999876,"[63, 28]","[2.5999999999999988, 0]","[2.5999999999999988, 0]",6
65,"[0, 3]",173.5000000000052,"[64, 58]","[0, 0]","[0, 0]",6
66,"[0, 1]",145.49999999999883,"[65, 29]","[0.44999999999999996, 0]","[0, 0]",6
67,"[0, 1]",146.59999999999908,"[66, 66]","[1.0000000000000002, 0]","[0, 0]",6
68,"[0, 1]",147.5999999999993,"[67, 67]","[1.0500000000000003, 0]","[0, 0]",6
69,"[0, 1]",148.64999999999955,"[68, 68]","[1.0500000000000003, 0]","[0, 0]",6
70,"[2, 1]",200.10000000001125,"[62, -999]","[51.14999999999923, 0]","[0, 0]",6
71,"[0, 1]",149.6999999999998,"[69, 69]","[1.2000000000000004, 0]","[0, 0]",6
72,"[2, 1]",201.10000000001148,"[70, 70]","[52.849999999999135, 0]","[0, 0]",6
73,"[0, 1]",150.70000000000002,"[71, 71]","[1.7000000000000008, 0]","[0, 0]",6
74,"[0, 1]",156.65000000000137,"[73, 39]","[4.249999999999993, 0]","[2.499999999999999, 0]",6
75,"[0, 3]",186.55000000000817,"[74, 34]","[1.3500000000000005, 0]","[0, 0]",6
76,"[2, 3]",225.75000000001708,"[72, 62]","[52.849999999999135, 0]","[0, 0]",6
77,"[0, 1]",158.5500000000018,"[75, 42]","[2.000000000000001, 0]","[0, 0]",6
78,"[0, 1]",159.50000000000202,"[77, 77]","[3.5499999999999954, 0]","[0, 0]",6
79,"[2, 1]",196.4000000000104,"[76, 72]","[53.24999999999911, 0]","[0, 0]",6
0,"[0, 1]",73.89999999999795,"[-999, 8]","[0, 0]","[2.3999999999999995, 0]",7
1,"[2, 1]",36.40000000000007,"[-999, -999]","[0, 0]","[0, 0]",7
2,"[2, 1]",38.09999999999997,"[1, 1]","[0, 0]","[0, 0]",7
3,"[2, 1]",39.89999999999987,"[2, 2]","[0, 0]","[0, 0]",7
4,"[0, 1]",77.44999999999774,"[0, 9]","[2.1500000000000004, 0]","[2.1500000000000004, 0]",7
5,"[2, 1]",41.79999999999976,"[3, 3]","[0, 0]","[0, 0]",7
6,"[2, 1]",43.54999999999966,"[5, 5]","[0, 0]","[0, 0]",7
7,"[2, 1]",45.04999999999958,"[6, 6]","[0, 0]","[0, 0]",7
8,"[2, 1]",46.349999999999504,"[7, 7]","[0, 0]","[0, 0]",7
9,"[2, 1]",52.54999999999915,"[8, 0]","[1.4000000000000006, 0]","[1.4000000000000006, 0]",7
10,"[2, 1]",62.94999999999856,"[9, 14]","[9.600000000000001, 0]","[9.600000000000001, 0]",7
11,"[2, 1]",73.54999999999797,"[10, 20]","[18.400000000000126, 0]","[5.399999999999989, 0]",7
12,"[2, 1]",78.04999999999771,"[11, 28]","[16.100000000000094, 0]","[0, 0]",7
13,"[2, 1]",83.4999999999974,"[12, 29]","[31.000000000000306, 0]","[0, 0]",7
14,"[0, 1]",71.69999999999807,"[4, 4]","[0, 0]","[0, 0]",7
15,"[2, 1]",88.89999999999709,"[13, 31]","[31.850000000000318, 0]","[0, 0]",7
16,"[2, 1]",94.2999999999968,"[15, 32]","[29.450000000000284, 0]","[0, 0]",7
17,"[2, 3]",123.8499999999951,"[16, -999]","[27.80000000000026, 0]","[0, 0]",7
18,"[2, 1]",100.64999999999642,"[17, 35]","[26.35000000000024, 0]","[0, 0]",7
19,"[0, 1]",76.5499999999978,"[14, 10]","[2.4499999999999993, 0]","[2.4499999999999993, 0]",7
20,"[0, 1]",77.54999999999774,"[19, 19]","[0, 0]","[0, 0]",7
21,"[2, 3]",131.7499999999957,"[18, 17]","[24.95000000000022, 0]","[0, 0]",7
22,"[2, 3]",134.54999999999634,"[21, 21]","[23.5500000000002, 0]","[0, 0]",7
23,"[2, 3]",136.74999999999685,"[22, 22]","[22.20000000000018, 0]","[0, 0]",7
24,"[2, 3]",139.04999999999737,"[23, 23]","[20.80000000000016, 0]","[0, 0]",7
25,"[2, 1]",123.09999999999516,"[24, 46]","[26.30000000000024, 0]","[6.849999999999984, 0]",7
26,"[2, 3]",153.45000000000064,"[25, 24]","[18.05000000000012, 0]","[0, 0]",7
27,"[2, 1]",128.34999999999494,"[26, 49]","[16.6500000000001, 0]","[0, 0]",7
28,"[0, 1]",82.89999999999743,"[20, 11]","[1.7000000000000008, 0]","[1.7000000000000008, 0]",7
29,"[0, 1]",88.44999999999712,"[28, 12]","[2.6499999999999986, 0]","[2.6499999999999986, 0]",7
30,"[2, 3]",159.95000000000212,"[27, 26]","[16.150000000000095, 0]","[0, 0]",7
31,"[0, 1]",93.49999999999685,"[29, 13]","[2.549999999999999, 0]","[2.549999999999999, 0]",7
32,"[0, 1]",98.49999999999656,"[31, 15]","[2.6999999999999984, 0]","[2.6999999999999984, 0]",7
33,"[0, 1]",103.54999999999626,"[32, 16]","[2.549999999999999, 0]","[2.549999999999999, 0]",7
34,"[2, 1]",135.29999999999652,"[30, 52]","[16.000000000000092, 0]","[0, 0]",7
35,"[0, 1]",102.99999999999628,"[33, 33]","[0, 0]","[0, 0]",7
36,"[0, 1]",107.84999999999602,"[35, 18]","[2.499999999999999, 0]","[2.499999999999999, 0]",7
37,"[0, 1]",108.44999999999598,"[36, 36]","[0, 0]","[0, 0]",7
38,"[2, 3]",168.200000000004,"[34, 53]","[15.500000000000085, 0]","[0, 0]",7
39,"[0, 1]",109.44999999999592,"[37, 37]","[0, 0]","[0, 0]",7
40,"[0, 1]",110.49999999999586,"[39, 39]","[0, 0]","[0, 0]",7
41,"[0, 1]",111.5499999999958,"[40, 40]","[0, 0]","[0, 0]",7
42,"[2, 3]",170.65000000000455,"[38, 38]","[14.850000000000076, 0]","[0, 0]",7
43,"[2, 1]",145.49999999999883,"[42, 57]","[15.750000000000089, 0]","[0, 0]",7
44,"[0, 1]",112.59999999999576,"[41, 41]","[0, 0]","[0, 0]",7
45,"[2, 3]",175.55000000000567,"[43, 42]","[16.900000000000105, 0]","[0, 0]",7
46,"[0, 1]",113.59999999999567,"[44, 44]","[0, 0]","[0, 0]",7
47,"[0, 1]",120.94999999999528,"[46, 25]","[1.2500000000000004, 0]","[1.2500000000000004, 0]",7
48,"[2, 1]",151.9500000000003,"[45, 59]","[18.350000000000126, 0]","[0, 0]",7
49,"[0, 1]",120.29999999999532,"[47, 47]","[0, 0]","[0, 0]",7
50,"[0, 1]",127.04999999999492,"[49, 27]","[2.7499999999999982, 0]","[2.7499999999999982, 0]",7
51,"[2, 1]",168.50000000000406,"[48, 63]","[30.00000000000029, 0]","[6.349999999999985, 0]",7
52,"[0, 1]",126.44999999999496,"[50, 50]","[0, 0]","[0, 0]",7
53,"[0, 3]",156.45000000000132,"[52, 30]","[0, 0]","[0, 0]",7
54,"[0, 1]",128.04999999999487,"[53, 34]","[0, 0]","[0, 0]",7
55,"[2, 1]",173.4500000000052,"[51, 64]","[24.20000000000021, 0]","[0, 0]",7
56,"[0, 1]",129.0999999999951,"[54, 54]","[0, 0]","[0, 0]",7
57,"[0, 1]",130.14999999999534,"[56, 56]","[0, 0]","[0, 0]",7
58,"[0, 1]",135.6499999999966,"[57, 43]","[2.499999999999999, 0]","[2.499999999999999, 0]",7
59,"[0, 1]",136.1499999999967,"[58, 58]","[0, 0]","[0, 0]",7
60,"[0, 1]",141.49999999999793,"[59, 48]","[2.499999999999999, 0]","[2.499999999999999, 0]",7
61,"[0, 1]",141.94999999999803,"[60, 60]","[0, 0]","[0, 0]",7
62,"[2, 3]",203.60000000001205,"[55, 45]","[24.050000000000207, 0]","[0, 0]",7
63,"[0, 1]",142.99999999999827,"[61, 61]","[0, 0]","[0, 0]",7
64,"[0, 1]",148.8999999999996,"[63, 51]","[2.4499999999999993, 0]","[2.4499999999999993, 0]",7
65,"[2, 3]",206.8500000000128,"[62, 62]","[23.750000000000203, 0]","[0, 0]",7
66,"[2, 3]",209.3000000000133,"[65, 65]","[23.300000000000196, 0]","[0, 0]",7
67,"[0, 1]",154.95000000000098,"[64, 55]","[2.849999999999998, 0]","[2.849999999999998, 0]",7
68,"[0, 1]",154.40000000000086,"[67, 67]","[0, 0]","[0, 0]",7
69,"[2, 1]",188.60000000000863,"[66, 72]","[25.500000000000227, 0]","[2.8999999999999977, 0]",7
70,"[0, 1]",155.10000000000102,"[68, 68]","[0, 0]","[0, 0]",7
71,"[0, 1]",156.00000000000122,"[70, 70]","[0, 0]","[0, 0]",7
72,"[0, 1]",156.65000000000137,"[71, 71]","[0, 0]","[0, 0]",7
73,"[0, 1]",160.55000000000226,"[72, 69]","[2.4499999999999993, 0]","[2.4499999999999993, 0]",7
74,"[0, 1]",157.6500000000016,"[73, 73]","[1.0500000000000003, 0]","[0, 0]",7
75,"[0, 1]",151.9500000000003,"[74, 74]","[1.7500000000000009, 0]","[0, 0]",7
76,"[2, 3]",217.15000000001515,"[69, 66]","[24.550000000000214, 0]","[0, 0]",7
77,"[0, 1]",152.20000000000036,"[75, 75]","[2.25, 0]","[0, 0]",7
78,"[0, 1]",152.95000000000053,"[77, 77]","[2.6999999999999984, 0]","[0, 0]",7
79,"[0, 1]",153.90000000000074,"[78, 78]","[3.049999999999997, 0]","[0, 0]",7
0,"[2, 1]",36.40000000000007,"[-999, -999]","[0, 0]","[0, 0]",8
1,"[0, 1]",76.4499999999978,"[-999, 8]","[0, 0]","[2.4499999999999993, 0]",8
2,"[2, 1]",38.09999999999997,"[0, 0]","[0, 0]","[0, 0]",8
3,"[2, 1]",39.89999999999987,"[2, 2]","[0, 0]","[0, 0]",8
4,"[2, 1]",41.79999999999976,"[3, 3]","[0, 0]","[0, 0]",8
5,"[2, 1]",43.54999999999966,"[4, 4]","[0, 0]","[0, 0]",8
6,"[2, 1]",45.04999999999958,"[5, 5]","[0, 0]","[0, 0]",8
7,"[2, 1]",46.349999999999504,"[6, 6]","[0, 0]","[0, 0]",8
8,"[2, 1]",47.34999999999945,"[7, 7]","[0, 0]","[0, 0]",8
9,"[2, 1]",53.34999999999911,"[8, 1]","[3.399999999999996, 0]","[3.399999999999996, 0]",8
10,"[2, 1]",54.74999999999903,"[9, 9]","[5.799999999999987, 0]","[2.549999999999999, 0]",8
11,"[2, 1]",67.89999999999829,"[10, 22]","[10.700000000000017, 0]","[2.9499999999999975, 0]",8
12,"[2, 3]",96.44999999999666,"[11, -999]","[19.900000000000148, 0]","[0.05, 0]",8
13,"[2, 1]",73.89999999999795,"[12, 25]","[20.350000000000154, 0]","[0, 0]",8
14,"[2, 1]",79.44999999999763,"[13, 26]","[17.95000000000012, 0]","[0, 0]",8
15,"[2, 1]",84.59999999999734,"[14, 27]","[16.300000000000097, 0]","[0, 0]",8
16,"[2, 1]",90.04999999999703,"[15, 28]","[14.700000000000074, 0]","[0, 0]",8
17,"[2, 1]",95.54999999999671,"[16, 29]","[13.300000000000054, 0]","[0, 0]",8
18,"[2, 1]",100.9999999999964,"[17, 31]","[11.950000000000035, 0]","[0, 0]",8
19,"[2, 1]",106.3999999999961,"[18, 33]","[10.500000000000014, 0]","[0, 0]",8
20,"[0, 1]",72.09999999999805,"[1, 10]","[2.2, 0]","[2.2, 0]",8
21,"[2, 1]",111.8999999999958,"[19, 35]","[9.099999999999994, 0]","[0, 0]",8
22,"[0, 1]",73.44999999999797,"[20, 20]","[0, 0]","[0, 0]",8
23,"[2, 1]",117.34999999999548,"[21, 36]","[8.699999999999989, 0]","[0, 0]",8
24,"[0, 1]",79.44999999999763,"[22, 11]","[2.3499999999999996, 0]","[2.3499999999999996, 0]",8
25,"[0, 1]",79.8499999999976,"[24, 24]","[0, 0]","[0, 0]",8
26,"[0, 1]",85.2499999999973,"[25, 13]","[2.4499999999999993, 0]","[2.4499999999999993, 0]",8
27,"[0, 1]",91.59999999999694,"[26, 14]","[2.5999999999999988, 0]","[2.5999999999999988, 0]",8
28,"[0, 1]",96.69999999999663,"[27, 15]","[2.4499999999999993, 0]","[2.4499999999999993, 0]",8
29,"[0, 1]",101.74999999999636,"[28, 16]","[2.4499999999999993, 0]","[2.4499999999999993, 0]",8
30,"[2, 1]",122.89999999999516,"[23, 37]","[8.74999999999999, 0]","[0, 0]",8
31,"[0, 1]",106.74999999999608,"[29, 17]","[2.5999999999999988, 0]","[2.5999999999999988, 0]",8
32,"[2, 1]",128.34999999999494,"[30, 38]","[8.449999999999985, 0]","[0, 0]",8
33,"[0, 1]",111.8499999999958,"[31, 18]","[2.499999999999999, 0]","[2.499999999999999, 0]",8
34,"[2, 3]",160.45000000000223,"[32, 39]","[7.84999999999998, 0]","[0, 0]",8
35,"[0, 1]",116.8999999999955,"[33, 19]","[2.499999999999999, 0]","[2.499999999999999, 0]",8
36,"[0, 1]",121.9499999999952,"[35, 21]","[2.4499999999999993, 0]","[2.4499999999999993, 0]",8
37,"[0, 1]",127.04999999999492,"[36, 23]","[2.549999999999999, 0]","[2.549999999999999, 0]",8
38,"[0, 1]",132.1499999999958,"[37, 30]","[2.25, 0]","[2.25, 0]",8
39,"[0, 3]",160.55000000000226,"[38, -999]","[0, 0]","[0, 0]",8
40,"[0, 1]",132.49999999999588,"[39, 32]","[0, 0]","[0, 0]",8
41,"[0, 1]",133.64999999999614,"[40, 40]","[0, 0]","[0, 0]",8
42,"[0, 1]",139.1999999999974,"[41, 43]","[3.1999999999999966, 0]","[2.4499999999999993, 0]",8
43,"[2, 1]",136.9499999999969,"[34, 41]","[7.149999999999983, 0]","[0, 0]",8
44,"[0, 1]",139.6499999999975,"[42, 42]","[0.7000000000000001, 0]","[0, 0]",8
45,"[2, 3]",166.60000000000363,"[43, 34]","[5.999999999999987, 0]","[0, 0]",8
46,"[0, 1]",144.99999999999872,"[44, 48]","[2.8999999999999977, 0]","[2.499999999999999, 0]",8
47,"[0, 1]",145.49999999999883,"[46, 46]","[0, 0]","[0, 0]",8
48,"[2, 1]",143.0999999999983,"[45, 44]","[5.849999999999987, 0]","[0, 0]",8
49,"[0, 3]",176.25000000000583,"[47, 45]","[0, 0]","[0, 0]",8
50,"[2, 1]",154.40000000000086,"[48, 47]","[9.45, 0]","[3.399999999999996, 0]",8
51,"[0, 1]",148.14999999999944,"[49, 50]","[0, 0]","[0, 0]",8
52,"[0, 1]",149.2499999999997,"[51, 51]","[1.4000000000000006, 0]","[0, 0]",8
53,"[0, 1]",150.34999999999994,"[52, 52]","[3.8499999999999943, 0]","[0, 0]",8
54,"[0, 1]",155.75000000000117,"[53, 66]","[7.049999999999983, 0]","[2.3999999999999995, 0]",8
55,"[0, 1]",156.3000000000013,"[54, 54]","[4.99999999999999, 0]","[0, 0]",8
56,"[0, 1]",157.35000000000153,"[55, 55]","[5.1999999999999895, 0]","[0, 0]",8
57,"[0, 1]",158.40000000000177,"[56, 56]","[5.349999999999989, 0]","[0, 0]",8
58,"[0, 3]",189.3500000000088,"[57, 78]","[5.449999999999989, 0]","[0, 0]",8
59,"[0, 1]",162.0000000000026,"[58, 57]","[6.0499999999999865, 0]","[0, 0]",8
60,"[0, 1]",163.15000000000285,"[59, 59]","[6.399999999999985, 0]","[0, 0]",8
61,"[0, 1]",164.2000000000031,"[60, 60]","[6.649999999999984, 0]","[0, 0]",8
62,"[2, 3]",186.2500000000081,"[50, 49]","[6.349999999999985, 0]","[0, 0]",8
63,"[0, 1]",165.2000000000033,"[61, 61]","[6.799999999999984, 0]","[0, 0]",8
64,"[0, 1]",166.0000000000035,"[63, 63]","[6.8999999999999835, 0]","[0, 0]",8
65,"[2, 3]",188.75000000000867,"[62, 62]","[7.84999999999998, 0]","[0, 0]",8
66,"[2, 1]",163.25000000000287,"[65, 53]","[9.049999999999994, 0]","[0, 0]",8
67,"[0, 1]",166.0500000000035,"[64, 64]","[7.149999999999983, 0]","[0, 0]",8
68,"[0, 1]",161.90000000000256,"[67, 67]","[8.299999999999983, 0]","[0, 0]",8
69,"[0, 1]",158.25000000000173,"[68, 68]","[9.45, 0]","[0, 0]",8
70,"[0, 1]",143.39999999999836,"[69, 69]","[4.199999999999993, 0]","[0, 0]",8
71,"[0, 1]",142.89999999999824,"[70, 70]","[3.099999999999997, 0]","[0, 0]",8
72,"[0, 1]",137.8999999999971,"[71, 71]","[3.2999999999999963, 0]","[0, 0]",8
73,"[0, 1]",137.8499999999971,"[72, 72]","[3.4999999999999956, 0]","[0, 0]",8
74,"[0, 3]",166.15000000000353,"[73, -999]","[3.599999999999995, 0]","[0, 0]",8
75,"[0, 1]",138.39999999999722,"[74, 73]","[3.1999999999999966, 0]","[0, 0]",8
76,"[0, 3]",169.45000000000428,"[75, 74]","[2.3999999999999995, 0]","[0, 0]",8
77,"[0, 1]",135.99999999999667,"[76, 75]","[1.5500000000000007, 0]","[0, 0]",8
78,"[2, 3]",193.65000000000975,"[66, 65]","[8.949999999999992, 0]","[0, 0]",8
79,"[0, 1]",130.64999999999546,"[77, 77]","[0, 0]","[0, 0]",8
0,"[2, 1]",36.40000000000007,"[-999, -999]","[0, 0]","[0, 0]",9
1,"[2, 3]",68.49999999999825,"[0, -999]","[0, 0]","[0, 0]",9
2,"[2, 1]",38.64999999999994,"[1, 0]","[0, 0]","[0, 0]",9
3,"[2, 1]",40.54999999999984,"[2, 2]","[0, 0]","[0, 0]",9
4,"[0, 3]",96.64999999999664,"[-999, 1]","[0, 0]","[0, 0]",9
5,"[2, 1]",42.449999999999726,"[3, 3]","[0, 0]","[0, 0]",9
6,"[2, 1]",43.99999999999964,"[5, 5]","[0, 0]","[0, 0]",9
7,"[2, 1]",45.49999999999955,"[6, 6]","[0, 0]","[0, 0]",9
8,"[2, 1]",46.74999999999948,"[7, 7]","[0, 0]","[0, 0]",9
9,"[2, 1]",47.59999999999943,"[8, 8]","[0, 0]","[0, 0]",9
10,"[2, 1]",48.94999999999936,"[9, 9]","[0, 0]","[0, 0]",9
11,"[2, 1]",50.69999999999926,"[10, 10]","[0, 0]","[0, 0]",9
12,"[2, 3]",82.64999999999745,"[11, 4]","[0, 0]","[0, 0]",9
13,"[2, 1]",59.19999999999877,"[12, 21]","[0, 0]","[0, 0]",9
14,"[2, 3]",89.94999999999703,"[13, 12]","[13.05000000000005, 0]","[0.05, 0]",9
15,"[2, 3]",92.79999999999688,"[14, 14]","[10.750000000000018, 0]","[0, 0]",9
16,"[2, 1]",67.99999999999828,"[15, 24]","[8.999999999999993, 0]","[0, 0]",9
17,"[2, 1]",78.99999999999766,"[16, 26]","[10.050000000000008, 0]","[2.5999999999999988, 0]",9
18,"[2, 3]",107.79999999999602,"[17, 15]","[5.899999999999987, 0]","[0, 0]",9
19,"[2, 1]",84.89999999999732,"[18, 29]","[4.449999999999992, 0]","[0, 0]",9
20,"[0, 1]",71.64999999999807,"[4, 11]","[0, 0]","[0, 0]",9
21,"[0, 1]",73.14999999999799,"[20, 20]","[0, 0]","[0, 0]",9
22,"[0, 1]",78.64999999999768,"[21, 13]","[2.3, 0]","[2.3, 0]",9
23,"[0, 1]",79.24999999999764,"[22, 22]","[0, 0]","[0, 0]",9
24,"[0, 1]",80.29999999999758,"[23, 23]","[0, 0]","[0, 0]",9
25,"[0, 1]",87.34999999999718,"[24, 16]","[2.3499999999999996, 0]","[2.3499999999999996, 0]",9
26,"[0, 1]",86.74999999999721,"[25, 25]","[0, 0]","[0, 0]",9
27,"[2, 1]",96.19999999999668,"[19, 31]","[5.649999999999988, 0]","[2.6499999999999986, 0]",9
28,"[0, 1]",92.1999999999969,"[26, 17]","[2.499999999999999, 0]","[2.499999999999999, 0]",9
29,"[0, 1]",92.49999999999687,"[28, 28]","[0, 0]","[0, 0]",9
30,"[0, 1]",97.7999999999966,"[29, 19]","[2.3999999999999995, 0]","[2.3999999999999995, 0]",9
31,"[0, 1]",98.34999999999656,"[30, 30]","[0, 0]","[0, 0]",9
32,"[0, 3]",129.0999999999951,"[31, 18]","[0, 0]","[0, 0]",9
33,"[2, 3]",127.69999999999489,"[27, 32]","[1.4500000000000006, 0]","[0, 0]",9
34,"[0, 1]",101.2999999999964,"[32, 27]","[0, 0]","[0, 0]",9
35,"[0, 1]",102.29999999999632,"[34, 34]","[0, 0]","[0, 0]",9
36,"[0, 1]",107.84999999999602,"[35, 42]","[2.4499999999999993, 0]","[2.4499999999999993, 0]",9
37,"[0, 1]",108.299999999996,"[36, 36]","[0, 0]","[0, 0]",9
38,"[0, 3]",138.7999999999973,"[37, 54]","[0, 0]","[0, 0]",9
39,"[0, 1]",109.8499999999959,"[38, 62]","[0, 0]","[0, 0]",9
40,"[0, 1]",115.74999999999557,"[39, 76]","[2.3999999999999995, 0]","[2.3999999999999995, 0]",9
41,"[0, 1]",116.09999999999556,"[40, 40]","[0, 0]","[0, 0]",9
42,"[2, 1]",104.29999999999622,"[33, 35]","[0, 0]","[0, 0]",9
43,"[0, 1]",121.89999999999522,"[41, 78]","[2.499999999999999, 0]","[2.499999999999999, 0]",9
44,"[0, 1]",122.2499999999952,"[43, 43]","[0, 0]","[0, 0]",9
45,"[0, 1]",123.14999999999516,"[44, 44]","[0, 0]","[0, 0]",9
46,"[0, 1]",124.14999999999507,"[45, 45]","[0, 0]","[0, 0]",9
47,"[0, 1]",125.19999999999504,"[46, 46]","[0, 0]","[0, 0]",9
48,"[0, 1]",126.19999999999496,"[47, 47]","[0, 0]","[0, 0]",9
49,"[0, 1]",127.19999999999492,"[48, 48]","[0, 0]","[0, 0]",9
50,"[0, 1]",128.2499999999949,"[49, 49]","[0, 0]","[0, 0]",9
51,"[0, 1]",129.24999999999514,"[50, 50]","[0, 0]","[0, 0]",9
52,"[0, 1]",130.24999999999537,"[51, 51]","[0, 0]","[0, 0]",9
53,"[0, 1]",131.2999999999956,"[52, 52]","[1.0500000000000003, 0]","[0, 0]",9
54,"[2, 3]",134.3499999999963,"[42, 33]","[0, 0]","[0, 0]",9
55,"[0, 3]",162.30000000000263,"[53, -999]","[1.3500000000000005, 0]","[0, 0]",9
56,"[0, 1]",135.04999999999646,"[55, 53]","[0.9500000000000003, 0]","[0, 0]",9
57,"[0, 1]",136.1499999999967,"[56, 56]","[0.15000000000000002, 0]","[0, 0]",9
58,"[0, 1]",137.19999999999695,"[57, 57]","[0, 0]","[0, 0]",9
59,"[0, 1]",138.09999999999715,"[58, 58]","[0, 0]","[0, 0]",9
60,"[0, 1]",135.99999999999667,"[59, 59]","[0, 0]","[0, 0]",9
61,"[0, 1]",135.54999999999657,"[60, 60]","[0, 0]","[0, 0]",9
62,"[2, 1]",110.59999999999586,"[54, 37]","[0.8000000000000002, 0]","[0, 0]",9
63,"[0, 3]",166.25000000000355,"[61, 55]","[0, 0]","[0, 0]",9
64,"[0, 1]",138.89999999999733,"[63, 61]","[0, 0]","[0, 0]",9
65,"[0, 1]",139.79999999999754,"[64, 64]","[0, 0]","[0, 0]",9
66,"[0, 1]",139.6499999999975,"[65, 65]","[0, 0]","[0, 0]",9
67,"[0, 1]",136.0999999999967,"[66, 66]","[0, 0]","[0, 0]",9
68,"[0, 1]",136.64999999999682,"[67, 67]","[0, 0]","[0, 0]",9
69,"[0, 1]",137.29999999999697,"[68, 68]","[0, 0]","[0, 0]",9
70,"[0, 1]",137.79999999999708,"[69, 69]","[0, 0]","[0, 0]",9
71,"[0, 1]",135.49999999999656,"[70, 70]","[0.49999999999999994, 0]","[0, 0]",9
72,"[0, 1]",132.69999999999592,"[71, 71]","[0.35, 0]","[0, 0]",9
73,"[0, 1]",127.5499999999949,"[72, 72]","[0, 0]","[0, 0]",9
74,"[0, 1]",127.84999999999488,"[73, 73]","[0, 0]","[0, 0]",9
75,"[0, 1]",128.699999999995,"[74, 74]","[0, 0]","[0, 0]",9
76,"[2, 1]",117.79999999999544,"[62, 39]","[5.849999999999987, 0]","[3.149999999999997, 0]",9
77,"[0, 1]",129.59999999999522,"[75, 75]","[0, 0]","[0, 0]",9
78,"[2, 1]",128.29999999999492,"[76, 41]","[8.399999999999984, 0]","[3.049999999999997, 0]",9
79,"[0, 1]",130.24999999999537,"[77, 77]","[0, 0]","[0, 0]",9
0,"[2, 1]",36.40000000000007,"[-999, -999]","[0, 0]","[0, 0]",10
1,"[2, 3]",68.49999999999825,"[0, -999]","[0, 0]","[0, 0]",10
2,"[2, 1]",38.599999999999945,"[1, 0]","[0, 0]","[0, 0]",10
3,"[2, 1]",40.54999999999984,"[2, 2]","[0, 0]","[0, 0]",10
4,"[2, 1]",42.39999999999973,"[3, 3]","[0, 0]","[0, 0]",10
5,"[2, 1]",43.99999999999964,"[4, 4]","[0, 0]","[0, 0]",10
6,"[2, 1]",45.49999999999955,"[5, 5]","[0, 0]","[0, 0]",10
7,"[2, 1]",46.74999999999948,"[6, 6]","[0, 0]","[0, 0]",10
8,"[2, 1]",47.64999999999943,"[7, 7]","[0, 0]","[0, 0]",10
9,"[2, 1]",48.94999999999936,"[8, 8]","[0, 0]","[0, 0]",10
10,"[2, 1]",50.69999999999926,"[9, 9]","[0, 0]","[0, 0]",10
11,"[2, 1]",81.7999999999975,"[10, 26]","[20.15000000000015, 0]","[20.15000000000015, 0]",10
12,"[2, 1]",85.74999999999727,"[11, 27]","[0, 0]","[0, 0]",10
13,"[2, 1]",91.14999999999696,"[12, 28]","[34.0500000000002, 0]","[0, 0]",10
14,"[2, 1]",96.59999999999664,"[13, 29]","[31.700000000000315, 0]","[0, 0]",10
15,"[2, 1]",103.09999999999629,"[14, 31]","[30.150000000000293, 0]","[0, 0]",10
16,"[2, 1]",114.19999999999564,"[15, 33]","[31.750000000000316, 0]","[2.8999999999999977, 0]",10
17,"[2, 1]",119.14999999999536,"[16, 34]","[27.500000000000256, 0]","[0, 0]",10
18,"[0, 3]",96.59999999999664,"[-999, 1]","[0, 0]","[0, 0]",10
19,"[2, 3]",150.04999999999987,"[17, 30]","[26.250000000000238, 0]","[0, 0]",10
20,"[0, 1]",70.09999999999816,"[18, 10]","[0, 0]","[0, 0]",10
21,"[0, 1]",71.2999999999981,"[20, 20]","[0, 0]","[0, 0]",10
22,"[0, 1]",72.04999999999805,"[21, 21]","[0, 0]","[0, 0]",10
23,"[0, 1]",72.49999999999802,"[22, 22]","[0, 0]","[0, 0]",10
24,"[0, 1]",72.949999999998,"[23, 23]","[0, 0]","[0, 0]",10
25,"[2, 3]",153.00000000000054,"[19, 19]","[24.95000000000022, 0]","[0, 0]",10
26,"[0, 1]",73.14999999999799,"[24, 24]","[0, 0]","[0, 0]",10
27,"[0, 1]",79.74999999999761,"[26, 11]","[0.3, 0]","[0.3, 0]",10
28,"[0, 1]",84.69999999999733,"[27, 12]","[2.799999999999998, 0]","[2.799999999999998, 0]",10
29,"[0, 1]",89.69999999999705,"[28, 13]","[2.6499999999999986, 0]","[2.6499999999999986, 0]",10
30,"[0, 3]",118.14999999999544,"[29, -999]","[0, 0]","[0, 0]",10
31,"[0, 1]",89.44999999999706,"[30, 14]","[0, 0]","[0, 0]",10
32,"[0, 1]",95.49999999999672,"[31, 15]","[2.5999999999999988, 0]","[2.5999999999999988, 0]",10
33,"[0, 1]",95.7499999999967,"[32, 32]","[0, 0]","[0, 0]",10
34,"[0, 1]",101.54999999999636,"[33, 16]","[2.549999999999999, 0]","[2.549999999999999, 0]",10
35,"[2, 1]",123.74999999999513,"[25, 37]","[23.6000000000002, 0]","[0, 0]",10
36,"[0, 1]",107.949999999996,"[34, 17]","[2.000000000000001, 0]","[2.000000000000001, 0]",10
37,"[0, 1]",107.34999999999604,"[36, 36]","[0, 0]","[0, 0]",10
38,"[2, 1]",137.49999999999702,"[35, 41]","[25.550000000000228, 0]","[3.2499999999999964, 0]",10
39,"[0, 3]",141.19999999999786,"[37, 25]","[0, 0]","[0, 0]",10
40,"[0, 1]",112.04999999999578,"[39, 35]","[0, 0]","[0, 0]",10
41,"[0, 1]",112.94999999999573,"[40, 40]","[0.9000000000000002, 0]","[0, 0]",10
42,"[0, 1]",120.19999999999531,"[41, 38]","[2.6499999999999986, 0]","[1.3500000000000005, 0]",10
43,"[0, 1]",125.19999999999504,"[42, 45]","[4.099999999999993, 0]","[2.4499999999999993, 0]",10
44,"[0, 1]",130.14999999999534,"[43, 49]","[4.6499999999999915, 0]","[2.6999999999999984, 0]",10
45,"[2, 1]",142.2499999999981,"[38, 42]","[21.000000000000163, 0]","[0, 0]",10
46,"[0, 1]",129.5499999999952,"[44, 44]","[2.25, 0]","[0, 0]",10
47,"[0, 1]",130.19999999999536,"[46, 46]","[2.4499999999999993, 0]","[0, 0]",10
48,"[0, 3]",161.00000000000236,"[47, 54]","[2.6499999999999986, 0]","[0, 0]",10
49,"[2, 1]",147.64999999999932,"[45, 43]","[21.35000000000017, 0]","[0, 0]",10
50,"[0, 3]",163.25000000000287,"[48, 48]","[2.849999999999998, 0]","[0, 0]",10
51,"[0, 1]",134.7999999999964,"[50, 65]","[2.9499999999999975, 0]","[0, 0]",10
52,"[0, 1]",135.84999999999664,"[51, 51]","[3.099999999999997, 0]","[0, 0]",10
53,"[0, 1]",136.9499999999969,"[52, 52]","[3.2499999999999964, 0]","[0, 0]",10
54,"[2, 3]",178.7500000000064,"[49, 39]","[22.350000000000183, 0]","[0, 0]",10
55,"[0, 1]",137.99999999999713,"[53, 53]","[3.2999999999999963, 0]","[0, 0]",10
56,"[0, 1]",139.04999999999737,"[55, 55]","[3.399999999999996, 0]","[0, 0]",10
57,"[0, 1]",140.0999999999976,"[56, 56]","[3.4999999999999956, 0]","[0, 0]",10
58,"[0, 1]",141.19999999999786,"[57, 57]","[3.5499999999999954, 0]","[0, 0]",10
59,"[0, 1]",142.19999999999808,"[58, 58]","[3.5499999999999954, 0]","[0, 0]",10
60,"[0, 1]",143.1999999999983,"[59, 59]","[3.4499999999999957, 0]","[0, 0]",10
61,"[0, 1]",144.19999999999854,"[60, 60]","[4.399999999999992, 0]","[0, 0]",10
62,"[0, 3]",175.2000000000056,"[61, -999]","[4.99999999999999, 0]","[0, 0]",10
63,"[0, 1]",147.9499999999994,"[62, 61]","[5.999999999999987, 0]","[0, 0]",10
64,"[0, 1]",149.04999999999964,"[63, 63]","[7.049999999999983, 0]","[0, 0]",10
65,"[2, 1]",160.3500000000022,"[54, 47]","[26.150000000000237, 0]","[2.9999999999999973, 0]",10
66,"[0, 1]",149.94999999999985,"[64, 64]","[6.8999999999999835, 0]","[0, 0]",10
67,"[0, 1]",150.1999999999999,"[66, 66]","[5.799999999999987, 0]","[0, 0]",10
68,"[0, 1]",142.14999999999807,"[67, 67]","[3.4999999999999956, 0]","[0, 0]",10
69,"[0, 1]",142.79999999999822,"[68, 68]","[4.749999999999991, 0]","[0, 0]",10
70,"[0, 3]",173.40000000000518,"[69, 62]","[5.899999999999987, 0]","[0, 0]",10
71,"[0, 1]",143.94999999999848,"[70, 69]","[7.249999999999982, 0]","[0, 0]",10
72,"[0, 1]",143.74999999999844,"[71, 71]","[7.94999999999998, 0]","[0, 0]",10
73,"[0, 1]",144.19999999999854,"[72, 72]","[7.599999999999981, 0]","[0, 0]",10
74,"[0, 1]",136.89999999999688,"[73, 73]","[4.749999999999991, 0]","[0, 0]",10
75,"[0, 1]",129.4999999999952,"[74, 74]","[1.4000000000000006, 0]","[0, 0]",10
76,"[0, 1]",129.59999999999522,"[75, 75]","[0.8500000000000002, 0]","[0, 0]",10
77,"[0, 1]",125.949999999995,"[76, 76]","[0, 0]","[0, 0]",10
78,"[0, 3]",155.20000000000104,"[77, 70]","[0, 0]","[0, 0]",10
79,"[0, 1]",127.69999999999489,"[78, 77]","[0, 0]","[0, 0]",10
0,"[2, 3]",67.7499999999983,"[-999, -999]","[0, 0]","[0, 0]",11
1,"[0, 3]",96.64999999999664,"[-999, 0]","[0, 0]","[0, 0]",11
2,"[2, 1]",37.15000000000003,"[0, -999]","[0, 0]","[0, 0]",11
3,"[2, 1]",38.84999999999993,"[2, 2]","[0, 0]","[0, 0]",11
4,"[2, 1]",40.74999999999982,"[3, 3]","[0, 0]","[0, 0]",11
5,"[2, 1]",42.54999999999972,"[4, 4]","[0, 0]","[0, 0]",11
6,"[2, 1]",44.09999999999963,"[5, 5]","[0, 0]","[0, 0]",11
7,"[2, 1]",45.59999999999955,"[6, 6]","[0, 0]","[0, 0]",11
8,"[2, 1]",46.84999999999948,"[7, 7]","[0, 0]","[0, 0]",11
9,"[2, 1]",47.69999999999943,"[8, 8]","[0, 0]","[0, 0]",11
10,"[2, 1]",48.99999999999935,"[9, 9]","[0, 0]","[0, 0]",11
11,"[2, 1]",70.99999999999811,"[10, 18]","[13.250000000000053, 0]","[13.250000000000053, 0]",11
12,"[2, 3]",100.04999999999646,"[11, 1]","[0, 0]","[0, 0]",11
13,"[2, 3]",103.24999999999628,"[12, 12]","[22.450000000000184, 0]","[0, 0]",11
14,"[2, 1]",77.99999999999771,"[13, 21]","[24.750000000000217, 0]","[0, 0]",11
15,"[0, 1]",70.64999999999813,"[1, 10]","[0, 0]","[0, 0]",11
16,"[0, 1]",71.99999999999805,"[15, 15]","[0, 0]","[0, 0]",11
17,"[0, 1]",72.79999999999801,"[16, 16]","[0, 0]","[0, 0]",11
18,"[0, 1]",73.64999999999796,"[17, 17]","[0, 0]","[0, 0]",11
19,"[0, 1]",79.69999999999762,"[18, 11]","[2.499999999999999, 0]","[2.499999999999999, 0]",11
20,"[0, 1]",80.0499999999976,"[19, 19]","[0, 0]","[0, 0]",11
21,"[0, 1]",81.04999999999754,"[20, 20]","[0, 0]","[0, 0]",11
22,"[0, 1]",86.39999999999723,"[21, 14]","[2.4499999999999993, 0]","[2.4499999999999993, 0]",11
23,"[0, 1]",93.14999999999684,"[22, 35]","[1.6500000000000008, 0]","[1.6500000000000008, 0]",11
24,"[0, 1]",92.54999999999688,"[23, 23]","[0, 0]","[0, 0]",11
25,"[0, 1]",99.3499999999965,"[24, 50]","[2.6499999999999986, 0]","[2.6499999999999986, 0]",11
26,"[0, 1]",98.74999999999652,"[25, 25]","[0, 0]","[0, 0]",11
27,"[0, 1]",105.39999999999615,"[26, 54]","[2.799999999999998, 0]","[2.799999999999998, 0]",11
28,"[0, 1]",104.8499999999962,"[27, 27]","[0, 0]","[0, 0]",11
29,"[0, 3]",135.1999999999965,"[28, 53]","[0, 0]","[0, 0]",11
30,"[0, 1]",112.79999999999572,"[29, 76]","[3.2999999999999963, 0]","[3.2999999999999963, 0]",11
31,"[0, 1]",112.64999999999574,"[30, 30]","[0, 0]","[0, 0]",11
32,"[0, 1]",113.54999999999568,"[31, 31]","[0, 0]","[0, 0]",11
33,"[0, 1]",114.59999999999565,"[32, 32]","[0, 0]","[0, 0]",11
34,"[0, 3]",145.54999999999885,"[33, 29]","[0, 0]","[0, 0]",11
35,"[2, 1]",84.14999999999736,"[14, 22]","[22.400000000000183, 0]","[0, 0]",11
36,"[0, 1]",118.34999999999542,"[34, 33]","[0, 0]","[0, 0]",11
37,"[0, 1]",119.44999999999536,"[36, 36]","[0, 0]","[0, 0]",11
38,"[0, 1]",120.5499999999953,"[37, 37]","[0, 0]","[0, 0]",11
39,"[2, 3]",114.44999999999564,"[35, 13]","[20.75000000000016, 0]","[0, 0]",11
40,"[0, 1]",121.59999999999523,"[38, 38]","[0, 0]","[0, 0]",11
41,"[0, 1]",122.69999999999516,"[40, 40]","[0.7500000000000001, 0]","[0, 0]",11
42,"[0, 3]",153.60000000000068,"[41, 34]","[1.2500000000000004, 0]","[0, 0]",11
43,"[0, 1]",126.34999999999496,"[42, 41]","[1.5000000000000007, 0]","[0, 0]",11
44,"[0, 1]",127.4499999999949,"[43, 43]","[1.6500000000000008, 0]","[0, 0]",11
45,"[0, 1]",128.599999999995,"[44, 44]","[1.800000000000001, 0]","[0, 0]",11
46,"[0, 1]",129.64999999999523,"[45, 45]","[2.6499999999999986, 0]","[0, 0]",11
47,"[0, 1]",130.64999999999546,"[46, 46]","[3.4499999999999957, 0]","[0, 0]",11
48,"[0, 1]",131.7499999999957,"[47, 47]","[3.949999999999994, 0]","[0, 0]",11
49,"[0, 1]",132.79999999999595,"[48, 48]","[3.8499999999999943, 0]","[0, 0]",11
50,"[2, 1]",89.94999999999703,"[39, 24]","[19.200000000000138, 0]","[0, 0]",11
51,"[0, 3]",163.800000000003,"[49, 42]","[3.349999999999996, 0]","[0, 0]",11
52,"[0, 1]",136.5499999999968,"[51, 49]","[2.799999999999998, 0]","[0, 0]",11
53,"[2, 3]",122.1499999999952,"[50, 39]","[17.750000000000117, 0]","[0, 0]",11
54,"[2, 1]",97.04999999999664,"[53, 26]","[16.300000000000097, 0]","[0, 0]",11
55,"[0, 1]",137.64999999999705,"[52, 52]","[2.2, 0]","[0, 0]",11
56,"[0, 1]",138.6999999999973,"[55, 55]","[1.3500000000000005, 0]","[0, 0]",11
57,"[0, 1]",139.5999999999975,"[56, 56]","[1.7000000000000008, 0]","[0, 0]",11
58,"[0, 1]",136.19999999999672,"[57, 57]","[2.1500000000000004, 0]","[0, 0]",11
59,"[0, 1]",131.79999999999572,"[58, 58]","[1.2500000000000004, 0]","[0, 0]",11
60,"[0, 1]",130.99999999999554,"[59, 59]","[1.3000000000000005, 0]","[0, 0]",11
61,"[0, 1]",131.79999999999572,"[60, 60]","[0.9000000000000002, 0]","[0, 0]",11
62,"[0, 1]",132.6499999999959,"[61, 61]","[0, 0]","[0, 0]",11
63,"[0, 1]",129.0999999999951,"[62, 62]","[0, 0]","[0, 0]",11
64,"[0, 1]",128.74999999999503,"[63, 63]","[0, 0]","[0, 0]",11
65,"[0, 3]",159.15000000000194,"[64, -999]","[0.8500000000000002, 0]","[0, 0]",11
66,"[2, 1]",108.74999999999596,"[54, 28]","[17.15000000000011, 0]","[2.499999999999999, 0]",11
67,"[0, 1]",130.94999999999553,"[65, 64]","[1.2500000000000004, 0]","[0, 0]",11
68,"[0, 1]",130.14999999999534,"[67, 67]","[1.5500000000000007, 0]","[0, 0]",11
69,"[0, 1]",130.04999999999532,"[68, 68]","[1.850000000000001, 0]","[0, 0]",11
70,"[0, 3]",160.45000000000223,"[69, 65]","[1.4500000000000006, 0]","[0, 0]",11
71,"[0, 1]",131.44999999999564,"[70, 69]","[0, 0]","[0, 0]",11
72,"[0, 1]",127.29999999999492,"[71, 71]","[0, 0]","[0, 0]",11
73,"[0, 1]",128.09999999999488,"[72, 72]","[0, 0]","[0, 0]",11
74,"[0, 1]",128.99999999999508,"[73, 73]","[0, 0]","[0, 0]",11
75,"[0, 1]",129.79999999999526,"[74, 74]","[0, 0]","[0, 0]",11
76,"[2, 1]",101.49999999999638,"[66, 66]","[5.999999999999987, 0]","[0, 0]",11
77,"[0, 1]",130.54999999999544,"[75, 75]","[0, 0]","[0, 0]",11
78,"[0, 3]",161.25000000000242,"[77, 70]","[0, 0]","[0, 0]",11
79,"[0, 1]",133.59999999999613,"[78, 77]","[0, 0]","[0, 0]",11
0,"[2, 3]",67.7499999999983,"[-999, -999]","[0, 0]","[0, 0]",12
1,"[0, 1]",80.54999999999757,"[-999, 9]","[0, 0]","[5.1999999999999895, 0]",12
2,"[2, 1]",37.15000000000003,"[0, -999]","[0, 0]","[0, 0]",12
3,"[2, 1]",38.89999999999993,"[2, 2]","[0, 0]","[0, 0]",12
4,"[2, 1]",40.74999999999982,"[3, 3]","[0, 0]","[0, 0]",12
5,"[2, 1]",42.54999999999972,"[4, 4]","[0, 0]","[0, 0]",12
6,"[2, 1]",44.09999999999963,"[5, 5]","[0, 0]","[0, 0]",12
7,"[2, 1]",45.59999999999955,"[6, 6]","[0, 0]","[0, 0]",12
8,"[2, 1]",46.84999999999948,"[7, 7]","[0, 0]","[0, 0]",12
9,"[2, 1]",47.69999999999943,"[8, 8]","[0, 0]","[0, 0]",12
10,"[2, 1]",72.09999999999805,"[9, 17]","[16.800000000000104, 0]","[16.800000000000104, 0]",12
11,"[2, 1]",72.14999999999804,"[10, 10]","[21.800000000000175, 0]","[2.3499999999999996, 0]",12
12,"[2, 1]",85.04999999999731,"[11, 21]","[27.15000000000025, 0]","[2.8999999999999977, 0]",12
13,"[2, 1]",89.99999999999703,"[12, 22]","[27.500000000000256, 0]","[0, 0]",12
14,"[0, 1]",70.54999999999814,"[1, 1]","[0, 0]","[0, 0]",12
15,"[0, 1]",71.2999999999981,"[14, 14]","[0, 0]","[0, 0]",12
16,"[0, 1]",71.69999999999807,"[15, 15]","[0, 0]","[0, 0]",12
17,"[0, 1]",72.14999999999804,"[16, 16]","[0, 0]","[0, 0]",12
18,"[0, 3]",103.49999999999626,"[17, -999]","[0, 0]","[0, 0]",12
19,"[0, 1]",79.9499999999976,"[18, 11]","[2.499999999999999, 0]","[2.499999999999999, 0]",12
20,"[2, 3]",120.4499999999953,"[13, 18]","[43.74999999999965, 0]","[0.05, 0]",12
21,"[0, 1]",80.49999999999757,"[19, 19]","[0, 0]","[0, 0]",12
22,"[0, 1]",86.34999999999724,"[21, 12]","[2.4499999999999993, 0]","[2.4499999999999993, 0]",12
23,"[0, 1]",92.3999999999969,"[22, 13]","[2.849999999999998, 0]","[2.849999999999998, 0]",12
24,"[0, 1]",91.84999999999692,"[23, 23]","[0, 0]","[0, 0]",12
25,"[0, 1]",92.49999999999687,"[24, 24]","[0, 0]","[0, 0]",12
26,"[0, 1]",93.49999999999685,"[25, 25]","[0, 0]","[0, 0]",12
27,"[2, 3]",123.49999999999513,"[20, 20]","[41.399999999999785, 0]","[0, 0]",12
28,"[0, 1]",94.49999999999676,"[26, 26]","[0, 0]","[0, 0]",12
29,"[2, 3]",125.849999999995,"[27, 27]","[39.69999999999988, 0]","[0, 0]",12
30,"[0, 1]",95.54999999999671,"[28, 28]","[0, 0]","[0, 0]",12
31,"[0, 1]",96.59999999999664,"[30, 30]","[0, 0]","[0, 0]",12
32,"[0, 1]",97.5999999999966,"[31, 31]","[0, 0]","[0, 0]",12
33,"[2, 3]",128.09999999999488,"[29, 29]","[38.09999999999997, 0]","[0, 0]",12
34,"[2, 1]",116.64999999999552,"[33, 32]","[46.499999999999496, 0]","[9.900000000000006, 0]",12
35,"[2, 3]",145.7499999999989,"[34, 33]","[35.10000000000014, 0]","[0, 0]",12
36,"[0, 1]",103.54999999999626,"[32, 34]","[2.3999999999999995, 0]","[2.3999999999999995, 0]",12
37,"[0, 1]",103.94999999999624,"[36, 36]","[0, 0]","[0, 0]",12
38,"[0, 3]",137.34999999999698,"[37, 42]","[0, 0]","[0, 0]",12
39,"[0, 1]",108.74999999999596,"[38, 47]","[0, 0]","[0, 0]",12
40,"[0, 1]",109.44999999999592,"[39, 39]","[0, 0]","[0, 0]",12
41,"[0, 1]",110.44999999999588,"[40, 40]","[0, 0]","[0, 0]",12
42,"[2, 3]",148.99999999999963,"[35, 35]","[33.60000000000023, 0]","[0, 0]",12
43,"[0, 3]",141.4499999999979,"[41, 38]","[0, 0]","[0, 0]",12
44,"[0, 1]",118.8499999999954,"[43, 51]","[3.1999999999999966, 0]","[3.1999999999999966, 0]",12
45,"[0, 1]",118.94999999999538,"[44, 44]","[0, 0]","[0, 0]",12
46,"[0, 1]",119.84999999999532,"[45, 45]","[0, 0]","[0, 0]",12
47,"[2, 1]",120.09999999999532,"[42, 37]","[32.15000000000031, 0]","[0, 0]",12
48,"[0, 1]",125.749999999995,"[46, 55]","[2.4499999999999993, 0]","[2.4499999999999993, 0]",12
49,"[0, 3]",155.65000000000114,"[48, 43]","[0, 0]","[0, 0]",12
50,"[2, 1]",139.09999999999738,"[47, 41]","[37.25000000000002, 0]","[6.549999999999985, 0]",12
51,"[2, 1]",138.89999999999733,"[50, 50]","[29.30000000000028, 0]","[0, 0]",12
52,"[0, 1]",127.3499999999949,"[49, 60]","[0, 0]","[0, 0]",12
53,"[0, 1]",133.39999999999608,"[52, 65]","[2.499999999999999, 0]","[2.499999999999999, 0]",12
54,"[0, 3]",163.25000000000287,"[53, 49]","[0, 0]","[0, 0]",12
55,"[2, 1]",157.2000000000015,"[51, 46]","[37.550000000000004, 0]","[9.700000000000003, 0]",12
56,"[0, 1]",135.2499999999965,"[54, 69]","[0, 0]","[0, 0]",12
57,"[0, 1]",136.34999999999675,"[56, 56]","[0, 0]","[0, 0]",12
58,"[0, 1]",137.34999999999698,"[57, 57]","[0, 0]","[0, 0]",12
59,"[0, 1]",143.5999999999984,"[58, 76]","[2.499999999999999, 0]","[2.499999999999999, 0]",12
60,"[2, 1]",162.15000000000262,"[55, 48]","[27.05000000000025, 0]","[0, 0]",12
61,"[0, 1]",143.79999999999845,"[59, 59]","[0, 0]","[0, 0]",12
62,"[0, 3]",174.20000000000536,"[61, 79]","[0, 0]","[0, 0]",12
63,"[0, 1]",146.44999999999905,"[62, 61]","[0, 0]","[0, 0]",12
64,"[0, 1]",147.5499999999993,"[63, 63]","[0, 0]","[0, 0]",12
65,"[2, 1]",169.60000000000431,"[60, 52]","[30.6000000000003, 0]","[2.549999999999999, 0]",12
66,"[0, 3]",178.70000000000638,"[64, 62]","[0, 0]","[0, 0]",12
67,"[0, 1]",151.30000000000015,"[66, 64]","[0, 0]","[0, 0]",12
68,"[0, 1]",152.3500000000004,"[67, 67]","[0, 0]","[0, 0]",12
69,"[2, 1]",174.90000000000552,"[65, 53]","[32.05000000000032, 0]","[3.349999999999996, 0]",12
70,"[0, 1]",153.2000000000006,"[68, 68]","[0, 0]","[0, 0]",12
71,"[0, 1]",149.64999999999978,"[70, 70]","[0, 0]","[0, 0]",12
72,"[0, 1]",149.3499999999997,"[71, 71]","[0, 0]","[0, 0]",12
73,"[0, 1]",149.89999999999984,"[72, 72]","[0, 0]","[0, 0]",12
74,"[0, 1]",148.74999999999957,"[73, 73]","[0.1, 0]","[0, 0]",12
75,"[0, 1]",145.2999999999988,"[74, 74]","[1.2500000000000004, 0]","[0, 0]",12
76,"[2, 1]",192.3500000000095,"[69, 58]","[38.34999999999996, 0]","[9.950000000000006, 0]",12
77,"[0, 1]",143.94999999999848,"[75, 75]","[1.950000000000001, 0]","[0, 0]",12
78,"[0, 1]",144.4499999999986,"[77, 77]","[2.9499999999999975, 0]","[0, 0]",12
79,"[2, 3]",221.70000000001616,"[76, 54]","[27.80000000000026, 0]","[0, 0]",12
0,"[2, 1]",36.40000000000007,"[-999, -999]","[0, 0]","[0, 0]",13
1,"[2, 1]",38.09999999999997,"[0, 0]","[0, 0]","[0, 0]",13
2,"[2, 1]",39.89999999999987,"[1, 1]","[0, 0]","[0, 0]",13
3,"[2, 1]",41.79999999999976,"[2, 2]","[0, 0]","[0, 0]",13
4,"[2, 1]",43.54999999999966,"[3, 3]","[0, 0]","[0, 0]",13
5,"[2, 1]",45.04999999999958,"[4, 4]","[0, 0]","[0, 0]",13
6,"[2, 1]",46.349999999999504,"[5, 5]","[0, 0]","[0, 0]",13
7,"[2, 1]",47.34999999999945,"[6, 6]","[0, 0]","[0, 0]",13
8,"[2, 1]",48.449999999999385,"[7, 7]","[0, 0]","[0, 0]",13
9,"[2, 1]",65.39999999999843,"[8, 15]","[9.950000000000006, 0]","[9.950000000000006, 0]",13
10,"[2, 1]",69.89999999999817,"[9, 16]","[0, 0]","[0, 0]",13
11,"[2, 1]",75.49999999999785,"[10, 17]","[0, 0]","[0, 0]",13
12,"[0, 1]",68.84999999999823,"[-999, 8]","[0, 0]","[0, 0]",13
13,"[2, 1]",80.99999999999754,"[11, 20]","[23.850000000000204, 0]","[0, 0]",13
14,"[0, 1]",70.34999999999815,"[12, 12]","[0, 0]","[0, 0]",13
15,"[0, 1]",71.34999999999809,"[14, 14]","[0, 0]","[0, 0]",13
16,"[0, 1]",78.44999999999769,"[15, 9]","[0.65, 0]","[0.65, 0]",13
17,"[0, 1]",83.69999999999739,"[16, 10]","[2.1500000000000004, 0]","[2.1500000000000004, 0]",13
18,"[2, 1]",86.44999999999723,"[13, 21]","[29.10000000000028, 0]","[0, 0]",13
19,"[2, 1]",91.94999999999692,"[18, 22]","[26.750000000000245, 0]","[0, 0]",13
20,"[0, 1]",88.89999999999709,"[17, 11]","[2.2, 0]","[2.2, 0]",13
21,"[0, 1]",93.9499999999968,"[20, 13]","[2.3499999999999996, 0]","[2.3499999999999996, 0]",13
22,"[0, 1]",98.99999999999652,"[21, 18]","[2.549999999999999, 0]","[2.549999999999999, 0]",13
23,"[0, 1]",104.09999999999624,"[22, 19]","[2.549999999999999, 0]","[2.549999999999999, 0]",13
24,"[0, 1]",109.19999999999594,"[23, 34]","[2.3499999999999996, 0]","[2.3499999999999996, 0]",13
25,"[0, 1]",108.54999999999598,"[24, 24]","[0, 0]","[0, 0]",13
26,"[0, 1]",109.19999999999594,"[25, 25]","[0, 0]","[0, 0]",13
27,"[0, 1]",110.19999999999588,"[26, 26]","[0, 0]","[0, 0]",13
28,"[0, 1]",111.19999999999582,"[27, 27]","[0, 0]","[0, 0]",13
29,"[0, 1]",118.4499999999954,"[28, 47]","[2.6499999999999986, 0]","[2.6499999999999986, 0]",13
30,"[0, 1]",117.84999999999545,"[29, 29]","[0, 0]","[0, 0]",13
31,"[0, 1]",123.29999999999514,"[30, 48]","[2.499999999999999, 0]","[2.499999999999999, 0]",13
32,"[0, 1]",129.64999999999523,"[31, 51]","[1.900000000000001, 0]","[1.900000000000001, 0]",13
33,"[0, 1]",128.99999999999508,"[32, 32]","[0, 0]","[0, 0]",13
34,"[2, 1]",97.4499999999966,"[19, 23]","[25.05000000000022, 0]","[0, 0]",13
35,"[0, 1]",134.44999999999632,"[33, 53]","[2.499999999999999, 0]","[2.499999999999999, 0]",13
36,"[0, 1]",134.7999999999964,"[35, 35]","[0, 0]","[0, 0]",13
37,"[0, 1]",135.6999999999966,"[36, 36]","[0, 0]","[0, 0]",13
38,"[2, 3]",127.09999999999492,"[34, -999]","[23.5500000000002, 0]","[0, 0]",13
39,"[2, 3]",129.9499999999953,"[38, 38]","[22.10000000000018, 0]","[0, 0]",13
40,"[0, 1]",136.69999999999683,"[37, 37]","[0, 0]","[0, 0]",13
41,"[0, 1]",137.74999999999707,"[40, 40]","[0, 0]","[0, 0]",13
42,"[2, 3]",132.34999999999584,"[39, 39]","[20.65000000000016, 0]","[0, 0]",13
43,"[0, 3]",168.80000000000413,"[41, 79]","[0, 0]","[0, 0]",13
44,"[0, 1]",141.4499999999979,"[43, 41]","[0, 0]","[0, 0]",13
45,"[2, 3]",134.59999999999636,"[42, 42]","[19.200000000000138, 0]","[0, 0]",13
46,"[0, 1]",142.54999999999816,"[44, 44]","[0, 0]","[0, 0]",13
47,"[2, 1]",107.79999999999602,"[45, 28]","[17.800000000000118, 0]","[0, 0]",13
48,"[2, 1]",120.04999999999532,"[47, 30]","[18.800000000000132, 0]","[2.3999999999999995, 0]",13
49,"[0, 3]",173.80000000000527,"[46, 43]","[0, 0]","[0, 0]",13
50,"[0, 3]",176.1000000000058,"[49, 49]","[0, 0]","[0, 0]",13
51,"[2, 1]",124.94999999999504,"[48, 31]","[14.950000000000077, 0]","[0, 0]",13
52,"[0, 1]",147.64999999999932,"[50, 46]","[0, 0]","[0, 0]",13
53,"[2, 1]",135.99999999999667,"[51, 33]","[15.85000000000009, 0]","[2.3, 0]",13
54,"[0, 1]",148.69999999999956,"[52, 52]","[0, 0]","[0, 0]",13
55,"[0, 3]",180.00000000000668,"[54, 50]","[0, 0]","[0, 0]",13
56,"[0, 1]",152.65000000000046,"[55, 54]","[0, 0]","[0, 0]",13
57,"[0, 1]",153.7500000000007,"[56, 56]","[0, 0]","[0, 0]",13
58,"[0, 1]",154.70000000000093,"[57, 57]","[0, 0]","[0, 0]",13
59,"[0, 1]",155.35000000000107,"[58, 58]","[0, 0]","[0, 0]",13
60,"[0, 1]",153.45000000000064,"[59, 59]","[0, 0]","[0, 0]",13
61,"[0, 1]",149.64999999999978,"[60, 60]","[0, 0]","[0, 0]",13
62,"[0, 1]",147.6999999999993,"[61, 61]","[0.25, 0]","[0, 0]",13
63,"[0, 1]",147.84999999999937,"[62, 62]","[0.8000000000000002, 0]","[0, 0]",13
64,"[0, 1]",148.49999999999952,"[63, 63]","[3.049999999999997, 0]","[0, 0]",13
65,"[0, 1]",148.99999999999963,"[64, 64]","[3.2499999999999964, 0]","[0, 0]",13
66,"[0, 1]",141.94999999999803,"[65, 65]","[1.4000000000000006, 0]","[0, 0]",13
67,"[0, 1]",142.14999999999807,"[66, 66]","[0.8000000000000002, 0]","[0, 0]",13
68,"[0, 1]",137.19999999999695,"[67, 67]","[0, 0]","[0, 0]",13
69,"[0, 1]",136.5499999999968,"[68, 68]","[0, 0]","[0, 0]",13
70,"[0, 1]",133.4499999999961,"[69, 69]","[0, 0]","[0, 0]",13
71,"[0, 1]",129.9499999999953,"[70, 70]","[0, 0]","[0, 0]",13
72,"[0, 1]",129.74999999999525,"[71, 71]","[0, 0]","[0, 0]",13
73,"[0, 1]",128.94999999999507,"[72, 72]","[0, 0]","[0, 0]",13
74,"[0, 1]",126.39999999999496,"[73, 73]","[0, 0]","[0, 0]",13
75,"[0, 1]",126.99999999999493,"[74, 74]","[0, 0]","[0, 0]",13
76,"[2, 3]",164.80000000000322,"[53, -999]","[12.150000000000038, 0]","[0, 0]",13
77,"[0, 1]",126.89999999999492,"[75, 75]","[0, 0]","[0, 0]",13
78,"[0, 3]",155.80000000000118,"[77, -999]","[0, 0]","[0, 0]",13
79,"[2, 3]",168.15000000000398,"[76, 76]","[10.750000000000018, 0]","[0, 0]",13
0,"[2, 1]",36.40000000000007,"[-999, -999]","[0, 0]","[0, 0]",14
1,"[2, 1]",38.09999999999997,"[0, 0]","[0, 0]","[0, 0]",14
2,"[2, 1]",39.89999999999987,"[1, 1]","[0, 0]","[0, 0]",14
3,"[2, 1]",41.79999999999976,"[2, 2]","[0, 0]","[0, 0]",14
4,"[2, 1]",43.54999999999966,"[3, 3]","[0, 0]","[0, 0]",14
5,"[2, 1]",45.04999999999958,"[4, 4]","[0, 0]","[0, 0]",14
6,"[2, 1]",46.349999999999504,"[5, 5]","[0, 0]","[0, 0]",14
7,"[2, 1]",47.34999999999945,"[6, 6]","[0, 0]","[0, 0]",14
8,"[2, 1]",48.449999999999385,"[7, 7]","[0, 0]","[0, 0]",14
9,"[2, 1]",50.09999999999929,"[8, 8]","[0, 0]","[0, 0]",14
10,"[2, 1]",57.34999999999888,"[9, 15]","[0, 0]","[0, 0]",14
11,"[2, 1]",62.499999999998586,"[10, 16]","[0, 0]","[0, 0]",14
12,"[0, 3]",96.59999999999664,"[-999, -999]","[0, 0]","[0, 0]",14
13,"[2, 1]",67.84999999999829,"[11, 17]","[10.25000000000001, 0]","[0, 0]",14
14,"[2, 3]",99.2499999999965,"[13, 12]","[22.450000000000184, 0]","[0.05, 0]",14
15,"[0, 1]",71.54999999999808,"[12, 9]","[0, 0]","[0, 0]",14
16,"[0, 1]",78.04999999999771,"[15, 10]","[2.6999999999999984, 0]","[2.6999999999999984, 0]",14
17,"[0, 1]",83.5999999999974,"[16, 11]","[2.799999999999998, 0]","[2.799999999999998, 0]",14
18,"[0, 1]",88.7499999999971,"[17, 13]","[2.3, 0]","[2.3, 0]",14
19,"[2, 1]",80.54999999999757,"[14, 22]","[22.85000000000019, 0]","[2.7499999999999982, 0]",14
20,"[2, 1]",85.49999999999729,"[19, 23]","[18.350000000000126, 0]","[0, 0]",14
21,"[0, 1]",88.14999999999714,"[18, 18]","[0, 0]","[0, 0]",14
22,"[0, 1]",88.7499999999971,"[21, 21]","[0, 0]","[0, 0]",14
23,"[0, 1]",94.54999999999676,"[22, 19]","[2.3499999999999996, 0]","[2.3499999999999996, 0]",14
24,"[0, 1]",101.0999999999964,"[23, 20]","[1.6500000000000008, 0]","[1.6500000000000008, 0]",14
25,"[0, 1]",100.49999999999643,"[24, 24]","[0, 0]","[0, 0]",14
26,"[0, 1]",101.0999999999964,"[25, 25]","[0, 0]","[0, 0]",14
27,"[2, 3]",115.84999999999556,"[20, 14]","[16.800000000000104, 0]","[0, 0]",14
28,"[0, 1]",107.79999999999602,"[26, 32]","[3.049999999999997, 0]","[3.049999999999997, 0]",14
29,"[2, 3]",119.19999999999536,"[27, 27]","[15.300000000000082, 0]","[0, 0]",14
30,"[0, 3]",136.89999999999688,"[28, 29]","[0, 0]","[0, 0]",14
31,"[0, 1]",108.299999999996,"[30, 33]","[0, 0]","[0, 0]",14
32,"[2, 1]",93.09999999999684,"[29, 26]","[13.800000000000061, 0]","[0, 0]",14
33,"[2, 1]",99.54999999999649,"[32, 28]","[12.35000000000004, 0]","[0, 0]",14
34,"[0, 1]",113.79999999999568,"[31, 35]","[2.3, 0]","[2.3, 0]",14
35,"[2, 1]",105.89999999999613,"[33, 31]","[10.90000000000002, 0]","[0, 0]",14
36,"[0, 1]",118.6999999999954,"[34, 42]","[2.549999999999999, 0]","[2.549999999999999, 0]",14
37,"[0, 1]",124.09999999999508,"[36, 43]","[2.6499999999999986, 0]","[2.6499999999999986, 0]",14
38,"[0, 1]",130.19999999999536,"[37, 47]","[2.3999999999999995, 0]","[2.3999999999999995, 0]",14
39,"[0, 1]",135.29999999999652,"[38, 54]","[2.3499999999999996, 0]","[2.3499999999999996, 0]",14
40,"[0, 1]",140.34999999999766,"[39, 60]","[2.549999999999999, 0]","[2.549999999999999, 0]",14
41,"[0, 1]",145.3999999999988,"[40, 62]","[2.549999999999999, 0]","[2.549999999999999, 0]",14
42,"[2, 1]",111.19999999999582,"[35, 34]","[9.45, 0]","[0, 0]",14
43,"[2, 1]",116.49999999999552,"[42, 36]","[9.45, 0]","[0, 0]",14
44,"[0, 1]",144.74999999999866,"[41, 41]","[0, 0]","[0, 0]",14
45,"[0, 3]",174.70000000000547,"[44, 78]","[0, 0]","[0, 0]",14
46,"[0, 1]",146.84999999999914,"[45, 44]","[0.7000000000000001, 0]","[0, 0]",14
47,"[2, 1]",121.9999999999952,"[43, 37]","[9.700000000000003, 0]","[0, 0]",14
48,"[0, 1]",147.89999999999938,"[46, 46]","[1.850000000000001, 0]","[0, 0]",14
49,"[0, 1]",148.99999999999963,"[48, 48]","[3.649999999999995, 0]","[0, 0]",14
50,"[0, 1]",150.04999999999987,"[49, 49]","[4.199999999999993, 0]","[0, 0]",14
51,"[0, 1]",151.1000000000001,"[50, 50]","[4.199999999999993, 0]","[0, 0]",14
52,"[0, 1]",152.15000000000035,"[51, 51]","[4.149999999999993, 0]","[0, 0]",14
53,"[0, 3]",183.1500000000074,"[52, 45]","[4.399999999999992, 0]","[0, 0]",14
54,"[2, 1]",127.24999999999493,"[47, 38]","[9.5, 0]","[0, 0]",14
55,"[0, 1]",155.9000000000012,"[53, 52]","[4.799999999999991, 0]","[0, 0]",14
56,"[0, 1]",157.05000000000146,"[55, 55]","[7.549999999999981, 0]","[0, 0]",14
57,"[0, 1]",158.1500000000017,"[56, 56]","[9.900000000000006, 0]","[0, 0]",14
58,"[0, 1]",159.20000000000195,"[57, 57]","[10.400000000000013, 0]","[0, 0]",14
59,"[0, 1]",160.15000000000217,"[58, 58]","[10.25000000000001, 0]","[0, 0]",14
60,"[2, 1]",132.6499999999959,"[54, 39]","[8.449999999999985, 0]","[0, 0]",14
61,"[0, 1]",161.05000000000237,"[59, 59]","[10.20000000000001, 0]","[0, 0]",14
62,"[2, 1]",138.14999999999716,"[60, 40]","[11.150000000000023, 0]","[0, 0]",14
63,"[0, 1]",156.7500000000014,"[61, 61]","[10.300000000000011, 0]","[0, 0]",14
64,"[0, 1]",156.95000000000144,"[63, 63]","[10.15000000000001, 0]","[0, 0]",14
65,"[0, 1]",157.35000000000153,"[64, 64]","[9.149999999999995, 0]","[0, 0]",14
66,"[0, 1]",150.70000000000002,"[65, 65]","[7.349999999999982, 0]","[0, 0]",14
67,"[0, 1]",151.5000000000002,"[66, 66]","[6.949999999999983, 0]","[0, 0]",14
68,"[0, 1]",152.4500000000004,"[67, 67]","[6.299999999999986, 0]","[0, 0]",14
69,"[0, 1]",151.9000000000003,"[68, 68]","[6.399999999999985, 0]","[0, 0]",14
70,"[0, 1]",148.64999999999955,"[69, 69]","[6.499999999999985, 0]","[0, 0]",14
71,"[0, 1]",143.84999999999846,"[70, 70]","[6.549999999999985, 0]","[0, 0]",14
72,"[0, 1]",141.74999999999798,"[71, 71]","[6.5999999999999845, 0]","[0, 0]",14
73,"[0, 1]",127.09999999999492,"[72, 72]","[0, 0]","[0, 0]",14
74,"[0, 1]",127.29999999999492,"[73, 73]","[0, 0]","[0, 0]",14
75,"[0, 1]",128.04999999999487,"[74, 74]","[0.8500000000000002, 0]","[0, 0]",14
76,"[0, 1]",126.34999999999496,"[75, 75]","[1.2500000000000004, 0]","[0, 0]",14
77,"[0, 1]",124.44999999999509,"[76, 76]","[1.5500000000000007, 0]","[0, 0]",14
78,"[2, 3]",169.00000000000418,"[62, -999]","[11.050000000000022, 0]","[0, 0]",14
79,"[0, 3]",154.95000000000098,"[77, -999]","[1.7500000000000009, 0]","[0, 0]",14
0,"[2, 1]",36.40000000000007,"[-999, -999]","[0, 0]","[0, 0]",15
1,"[0, 1]",76.4499999999978,"[-999, 9]","[0, 0]","[2.6999999999999984, 0]",15
2,"[2, 1]",38.09999999999997,"[0, 0]","[0, 0]","[0, 0]",15
3,"[2, 1]",39.89999999999987,"[2, 2]","[0, 0]","[0, 0]",15
4,"[0, 1]",76.59999999999779,"[1, 1]","[0, 0]","[0, 0]",15
5,"[2, 1]",41.79999999999976,"[3, 3]","[0, 0]","[0, 0]",15
6,"[2, 1]",43.54999999999966,"[5, 5]","[0, 0]","[0, 0]",15
7,"[2, 1]",45.04999999999958,"[6, 6]","[0, 0]","[0, 0]",15
8,"[2, 1]",46.349999999999504,"[7, 7]","[0, 0]","[0, 0]",15
9,"[2, 1]",47.34999999999945,"[8, 8]","[0, 0]","[0, 0]",15
10,"[2, 1]",58.49999999999881,"[9, 4]","[6.5999999999999845, 0]","[6.5999999999999845, 0]",15
11,"[2, 1]",74.09999999999793,"[10, 16]","[19.30000000000014, 0]","[12.30000000000004, 0]",15
12,"[2, 3]",102.24999999999632,"[11, -999]","[25.65000000000023, 0]","[0.05, 0]",15
13,"[2, 1]",79.59999999999762,"[12, 19]","[27.950000000000262, 0]","[0.05, 0]",15
14,"[0, 1]",76.04999999999782,"[4, 10]","[2.25, 0]","[2.25, 0]",15
15,"[0, 1]",77.14999999999776,"[14, 14]","[0, 0]","[0, 0]",15
16,"[0, 1]",78.1999999999977,"[15, 15]","[0, 0]","[0, 0]",15
17,"[0, 1]",85.2499999999973,"[16, 11]","[2.25, 0]","[2.25, 0]",15
18,"[2, 3]",110.19999999999588,"[13, 12]","[33.35000000000024, 0]","[0.05, 0]",15
19,"[0, 1]",84.54999999999734,"[17, 17]","[0, 0]","[0, 0]",15
20,"[0, 1]",89.49999999999706,"[19, 13]","[2.3999999999999995, 0]","[2.3999999999999995, 0]",15
21,"[0, 1]",89.94999999999703,"[20, 20]","[0, 0]","[0, 0]",15
22,"[0, 1]",95.29999999999671,"[21, 29]","[2.3999999999999995, 0]","[2.3999999999999995, 0]",15
23,"[0, 1]",95.8999999999967,"[22, 22]","[0, 0]","[0, 0]",15
24,"[0, 1]",103.09999999999629,"[23, 30]","[1.3000000000000005, 0]","[1.3000000000000005, 0]",15
25,"[0, 1]",108.149999999996,"[24, 32]","[2.3999999999999995, 0]","[2.3999999999999995, 0]",15
26,"[0, 1]",113.14999999999571,"[25, 33]","[2.5999999999999988, 0]","[2.5999999999999988, 0]",15
27,"[0, 1]",118.09999999999545,"[26, 35]","[2.6499999999999986, 0]","[2.6499999999999986, 0]",15
28,"[0, 1]",117.49999999999548,"[27, 27]","[0, 0]","[0, 0]",15
29,"[2, 1]",85.94999999999726,"[18, 21]","[31.000000000000306, 0]","[0, 0]",15
30,"[2, 1]",97.6499999999966,"[29, 23]","[32.55000000000029, 0]","[3.2999999999999963, 0]",15
31,"[0, 1]",118.09999999999545,"[28, 28]","[0, 0]","[0, 0]",15
32,"[2, 1]",102.44999999999632,"[30, 24]","[27.70000000000026, 0]","[0, 0]",15
33,"[2, 1]",107.899999999996,"[32, 25]","[26.200000000000237, 0]","[0, 0]",15
34,"[0, 3]",148.8999999999996,"[31, 39]","[0, 0]","[0, 0]",15
35,"[2, 1]",113.24999999999572,"[33, 26]","[24.750000000000217, 0]","[0, 0]",15
36,"[0, 1]",119.64999999999534,"[34, 41]","[0, 0]","[0, 0]",15
37,"[2, 3]",143.9999999999985,"[35, -999]","[23.250000000000195, 0]","[0, 0]",15
38,"[0, 1]",120.59999999999528,"[36, 36]","[0, 0]","[0, 0]",15
39,"[2, 3]",146.99999999999918,"[37, 37]","[21.800000000000175, 0]","[0, 0]",15
40,"[0, 1]",127.89999999999488,"[38, 43]","[1.4500000000000006, 0]","[1.4500000000000006, 0]",15
41,"[2, 1]",121.44999999999524,"[39, 31]","[20.350000000000154, 0]","[0, 0]",15
42,"[0, 3]",156.25000000000128,"[40, 34]","[0, 0]","[0, 0]",15
43,"[2, 1]",133.39999999999608,"[41, 38]","[25.850000000000232, 0]","[6.799999999999984, 0]",15
44,"[0, 1]",127.4999999999949,"[42, 47]","[0, 0]","[0, 0]",15
45,"[0, 3]",158.70000000000184,"[44, 42]","[0, 0]","[0, 0]",15
46,"[0, 1]",134.7499999999964,"[45, 51]","[2.4499999999999993, 0]","[2.4499999999999993, 0]",15
47,"[2, 1]",138.14999999999716,"[43, 40]","[19.35000000000014, 0]","[0, 0]",15
48,"[0, 1]",135.34999999999653,"[46, 46]","[0, 0]","[0, 0]",15
49,"[2, 1]",143.79999999999845,"[47, 44]","[20.75000000000016, 0]","[0, 0]",15
50,"[0, 1]",141.19999999999786,"[48, 66]","[2.3999999999999995, 0]","[2.3999999999999995, 0]",15
51,"[2, 1]",143.84999999999846,"[49, 49]","[22.85000000000019, 0]","[0, 0]",15
52,"[0, 1]",141.59999999999795,"[50, 50]","[0.7000000000000001, 0]","[0, 0]",15
53,"[0, 1]",142.54999999999816,"[52, 52]","[1.4500000000000006, 0]","[0, 0]",15
54,"[0, 3]",173.4500000000052,"[53, 76]","[2.4499999999999993, 0]","[0, 0]",15
55,"[0, 3]",175.80000000000572,"[54, 54]","[2.849999999999998, 0]","[0, 0]",15
56,"[0, 1]",147.19999999999922,"[55, 53]","[3.1999999999999966, 0]","[0, 0]",15
57,"[0, 1]",148.29999999999947,"[56, 56]","[3.349999999999996, 0]","[0, 0]",15
58,"[0, 1]",149.3499999999997,"[57, 57]","[3.5499999999999954, 0]","[0, 0]",15
59,"[0, 1]",150.39999999999995,"[58, 58]","[3.7499999999999947, 0]","[0, 0]",15
60,"[0, 3]",181.400000000007,"[59, 55]","[3.949999999999994, 0]","[0, 0]",15
61,"[0, 1]",154.1500000000008,"[60, 59]","[4.249999999999993, 0]","[0, 0]",15
62,"[0, 1]",155.10000000000102,"[61, 61]","[3.899999999999994, 0]","[0, 0]",15
63,"[0, 1]",155.8500000000012,"[62, 62]","[3.149999999999997, 0]","[0, 0]",15
64,"[0, 1]",149.99999999999986,"[63, 63]","[1.2000000000000004, 0]","[0, 0]",15
65,"[0, 1]",149.94999999999985,"[64, 64]","[1.0500000000000003, 0]","[0, 0]",15
66,"[2, 1]",157.55000000000155,"[51, 48]","[26.30000000000024, 0]","[2.9999999999999973, 0]",15
67,"[0, 1]",139.79999999999754,"[65, 65]","[0, 0]","[0, 0]",15
68,"[0, 1]",139.94999999999757,"[67, 67]","[0, 0]","[0, 0]",15
69,"[0, 1]",140.79999999999777,"[68, 68]","[0, 0]","[0, 0]",15
70,"[0, 3]",171.45000000000474,"[69, 60]","[0, 0]","[0, 0]",15
71,"[0, 1]",143.39999999999836,"[70, 69]","[0, 0]","[0, 0]",15
72,"[0, 1]",142.39999999999813,"[71, 71]","[0, 0]","[0, 0]",15
73,"[0, 1]",141.29999999999788,"[72, 72]","[0, 0]","[0, 0]",15
74,"[0, 1]",137.59999999999704,"[73, 73]","[0, 0]","[0, 0]",15
75,"[0, 1]",137.24999999999696,"[74, 74]","[0, 0]","[0, 0]",15
76,"[2, 3]",187.00000000000827,"[66, 45]","[28.700000000000273, 0]","[0, 0]",15
77,"[0, 1]",137.79999999999708,"[75, 75]","[0, 0]","[0, 0]",15
78,"[0, 1]",138.39999999999722,"[77, 77]","[0, 0]","[0, 0]",15
79,"[0, 1]",138.04999999999714,"[78, 78]","[0, 0]","[0, 0]",15
0,"[2, 3]",67.7499999999983,"[-999, -999]","[0, 0]","[0, 0]",16
1,"[2, 3]",70.79999999999812,"[0, 0]","[0, 0]","[0, 0]",16
2,"[2, 1]",37.55,"[1, -999]","[0, 0]","[0, 0]",16
3,"[2, 1]",39.49999999999989,"[2, 2]","[0, 0]","[0, 0]",16
4,"[0, 1]",76.69999999999779,"[-999, 9]","[0, 0]","[2.7499999999999982, 0]",16
5,"[2, 1]",41.44999999999978,"[3, 3]","[0, 0]","[0, 0]",16
6,"[2, 1]",43.29999999999968,"[5, 5]","[0, 0]","[0, 0]",16
7,"[2, 1]",44.79999999999959,"[6, 6]","[0, 0]","[0, 0]",16
8,"[2, 1]",46.19999999999951,"[7, 7]","[0, 0]","[0, 0]",16
9,"[2, 1]",47.199999999999456,"[8, 8]","[0, 0]","[0, 0]",16
10,"[2, 1]",58.34999999999882,"[9, 12]","[6.499999999999985, 0]","[6.499999999999985, 0]",16
11,"[2, 1]",73.89999999999795,"[10, 16]","[19.500000000000142, 0]","[12.450000000000042, 0]",16
12,"[0, 1]",71.94999999999806,"[4, 4]","[0, 0]","[0, 0]",16
13,"[2, 1]",78.79999999999767,"[11, 17]","[26.50000000000024, 0]","[1.5500000000000007, 0]",16
14,"[0, 1]",78.1499999999977,"[12, 10]","[2.3499999999999996, 0]","[2.3499999999999996, 0]",16
15,"[0, 1]",78.64999999999768,"[14, 14]","[0, 0]","[0, 0]",16
16,"[0, 1]",79.64999999999762,"[15, 15]","[0, 0]","[0, 0]",16
17,"[0, 1]",85.54999999999728,"[16, 11]","[2.4499999999999993, 0]","[2.4499999999999993, 0]",16
18,"[0, 1]",91.19999999999696,"[17, 13]","[2.799999999999998, 0]","[2.799999999999998, 0]",16
19,"[0, 3]",120.59999999999528,"[18, -999]","[0, 0]","[0, 0]",16
20,"[0, 1]",92.09999999999692,"[19, 23]","[0, 0]","[0, 0]",16
21,"[0, 1]",92.94999999999686,"[20, 20]","[0, 0]","[0, 0]",16
22,"[0, 1]",98.89999999999652,"[21, 27]","[2.3499999999999996, 0]","[2.3499999999999996, 0]",16
23,"[2, 1]",84.34999999999735,"[13, 18]","[26.800000000000246, 0]","[0, 0]",16
24,"[0, 1]",99.2499999999965,"[22, 22]","[0, 0]","[0, 0]",16
25,"[0, 1]",100.14999999999644,"[24, 24]","[0, 0]","[0, 0]",16
26,"[0, 1]",106.09999999999611,"[25, 29]","[2.499999999999999, 0]","[2.499999999999999, 0]",16
27,"[2, 1]",96.44999999999666,"[23, 21]","[38.69999999999994, 0]","[6.499999999999985, 0]",16
28,"[0, 1]",111.6999999999958,"[26, 30]","[2.7499999999999982, 0]","[2.7499999999999982, 0]",16
29,"[2, 1]",111.99999999999578,"[27, 25]","[36.35000000000007, 0]","[6.549999999999985, 0]",16
30,"[2, 1]",116.8499999999955,"[29, 26]","[28.150000000000265, 0]","[0, 0]",16
31,"[0, 1]",111.7499999999958,"[28, 28]","[0, 0]","[0, 0]",16
32,"[0, 1]",117.59999999999546,"[31, 33]","[2.499999999999999, 0]","[2.499999999999999, 0]",16
33,"[2, 1]",128.2499999999949,"[30, 31]","[29.500000000000284, 0]","[2.849999999999998, 0]",16
34,"[2, 1]",133.19999999999604,"[33, 32]","[25.300000000000225, 0]","[0, 0]",16
35,"[0, 3]",147.39999999999927,"[32, -999]","[0, 0]","[0, 0]",16
36,"[0, 1]",118.8999999999954,"[35, 34]","[1.1500000000000004, 0]","[0, 0]",16
37,"[0, 1]",119.74999999999534,"[36, 36]","[1.800000000000001, 0]","[0, 0]",16
38,"[0, 3]",151.00000000000009,"[37, 35]","[2.000000000000001, 0]","[0, 0]",16
39,"[2, 1]",145.19999999999877,"[34, 37]","[30.850000000000303, 0]","[6.849999999999984, 0]",16
40,"[0, 1]",122.2999999999952,"[38, 39]","[2.1500000000000004, 0]","[0, 0]",16
41,"[0, 1]",123.14999999999516,"[40, 40]","[2.25, 0]","[0, 0]",16
42,"[0, 1]",124.24999999999508,"[41, 41]","[2.3499999999999996, 0]","[0, 0]",16
43,"[0, 1]",130.29999999999538,"[42, 50]","[4.99999999999999, 0]","[2.549999999999999, 0]",16
44,"[0, 1]",130.54999999999544,"[43, 43]","[2.549999999999999, 0]","[0, 0]",16
45,"[0, 1]",136.29999999999674,"[44, 53]","[5.04999999999999, 0]","[2.3999999999999995, 0]",16
46,"[0, 1]",141.09999999999783,"[45, 54]","[5.299999999999989, 0]","[2.549999999999999, 0]",16
47,"[0, 1]",146.6499999999991,"[46, 55]","[5.4999999999999885, 0]","[2.6999999999999984, 0]",16
48,"[0, 3]",176.25000000000583,"[47, -999]","[2.8999999999999977, 0]","[0, 0]",16
49,"[0, 3]",178.60000000000636,"[48, 48]","[2.9499999999999975, 0]","[0, 0]",16
50,"[2, 1]",162.1000000000026,"[39, 42]","[32.50000000000029, 0]","[9.900000000000006, 0]",16
51,"[0, 1]",149.19999999999968,"[49, 62]","[3.8499999999999943, 0]","[0, 0]",16
52,"[0, 1]",150.29999999999993,"[51, 51]","[5.599999999999988, 0]","[0, 0]",16
53,"[2, 1]",172.600000000005,"[50, 44]","[24.550000000000214, 0]","[2.6499999999999986, 0]",16
54,"[2, 1]",177.5000000000061,"[53, 45]","[22.350000000000183, 0]","[0, 0]",16
55,"[2, 1]",182.7500000000073,"[54, 46]","[23.4500000000002, 0]","[0, 0]",16
56,"[0, 1]",151.30000000000015,"[52, 52]","[6.849999999999984, 0]","[0, 0]",16
57,"[0, 1]",157.2500000000015,"[56, 65]","[10.300000000000011, 0]","[2.549999999999999, 0]",16
58,"[0, 1]",163.55000000000294,"[57, 66]","[10.400000000000013, 0]","[2.000000000000001, 0]",16
59,"[0, 1]",168.50000000000406,"[58, 76]","[11.55000000000003, 0]","[2.6499999999999986, 0]",16
60,"[2, 1]",188.30000000000857,"[55, 47]","[25.70000000000023, 0]","[0, 0]",16
61,"[0, 1]",173.35000000000517,"[59, 78]","[11.900000000000034, 0]","[2.6499999999999986, 0]",16
62,"[2, 1]",188.55000000000865,"[60, 60]","[31.600000000000314, 0]","[0, 0]",16
63,"[0, 1]",171.3500000000047,"[61, 61]","[9.700000000000003, 0]","[0, 0]",16
64,"[0, 1]",169.5500000000043,"[63, 63]","[9.750000000000004, 0]","[0, 0]",16
65,"[2, 1]",207.55000000001291,"[62, 56]","[50.899999999999245, 0]","[9.750000000000004, 0]",16
66,"[2, 1]",212.50000000001407,"[65, 57]","[45.69999999999954, 0]","[0, 0]",16
67,"[0, 1]",170.10000000000443,"[64, 64]","[9.149999999999995, 0]","[0, 0]",16
68,"[0, 1]",158.1000000000017,"[67, 67]","[5.899999999999987, 0]","[0, 0]",16
69,"[0, 1]",157.30000000000152,"[68, 68]","[5.849999999999987, 0]","[0, 0]",16
70,"[0, 1]",157.75000000000162,"[69, 69]","[5.14999999999999, 0]","[0, 0]",16
71,"[0, 1]",152.60000000000045,"[70, 70]","[4.799999999999991, 0]","[0, 0]",16
72,"[0, 1]",153.3000000000006,"[71, 71]","[4.94999999999999, 0]","[0, 0]",16
73,"[0, 1]",154.25000000000082,"[72, 72]","[5.1999999999999895, 0]","[0, 0]",16
74,"[0, 1]",155.20000000000104,"[73, 73]","[5.449999999999989, 0]","[0, 0]",16
75,"[0, 1]",156.20000000000127,"[74, 74]","[5.649999999999988, 0]","[0, 0]",16
76,"[2, 1]",217.70000000001525,"[66, 58]","[49.8999999999993, 0]","[0, 0]",16
77,"[0, 1]",157.15000000000148,"[75, 75]","[6.749999999999984, 0]","[0, 0]",16
78,"[2, 1]",223.10000000001648,"[76, 59]","[56.549999999998924, 0]","[0, 0]",16
79,"[2, 3]",254.10000000002356,"[78, -999]","[60.14999999999872, 0]","[0, 0]",16
0,"[2, 1]",36.40000000000007,"[-999, -999]","[0, 0]","[0, 0]",17
1,"[2, 3]",68.49999999999825,"[0, -999]","[0, 0]","[0, 0]",17
2,"[2, 1]",37.30000000000002,"[1, 0]","[0, 0]","[0, 0]",17
3,"[2, 1]",38.99999999999992,"[2, 2]","[0, 0]","[0, 0]",17
4,"[2, 1]",40.99999999999981,"[3, 3]","[0, 0]","[0, 0]",17
5,"[2, 1]",42.74999999999971,"[4, 4]","[0, 0]","[0, 0]",17
6,"[2, 1]",44.34999999999962,"[5, 5]","[0, 0]","[0, 0]",17
7,"[2, 1]",45.74999999999954,"[6, 6]","[0, 0]","[0, 0]",17
8,"[2, 1]",46.99999999999947,"[7, 7]","[0, 0]","[0, 0]",17
9,"[2, 1]",47.899999999999416,"[8, 8]","[0, 0]","[0, 0]",17
10,"[2, 1]",59.94999999999873,"[9, 15]","[6.5999999999999845, 0]","[6.5999999999999845, 0]",17
11,"[2, 1]",70.44999999999814,"[10, 17]","[6.349999999999985, 0]","[6.349999999999985, 0]",17
12,"[0, 1]",72.19999999999804,"[-999, 9]","[0, 0]","[2.3, 0]",17
13,"[2, 1]",76.19999999999781,"[11, 19]","[0, 0]","[0, 0]",17
14,"[2, 3]",106.09999999999611,"[13, 18]","[20.00000000000015, 0]","[0, 0]",17
15,"[0, 1]",73.54999999999797,"[12, 12]","[0, 0]","[0, 0]",17
16,"[0, 1]",79.54999999999762,"[15, 10]","[2.4499999999999993, 0]","[2.4499999999999993, 0]",17
17,"[0, 1]",79.9999999999976,"[16, 16]","[0, 0]","[0, 0]",17
18,"[0, 3]",110.79999999999583,"[17, -999]","[0, 0]","[0, 0]",17
19,"[0, 1]",82.19999999999747,"[18, 11]","[0, 0]","[0, 0]",17
20,"[0, 1]",87.59999999999717,"[19, 13]","[2.3, 0]","[2.3, 0]",17
21,"[0, 1]",88.04999999999714,"[20, 20]","[0, 0]","[0, 0]",17
22,"[2, 1]",82.54999999999745,"[14, 21]","[29.400000000000283, 0]","[0, 0]",17
23,"[0, 1]",93.39999999999684,"[21, 22]","[2.4499999999999993, 0]","[2.4499999999999993, 0]",17
24,"[0, 1]",93.9499999999968,"[23, 23]","[0, 0]","[0, 0]",17
25,"[2, 3]",112.79999999999572,"[22, 14]","[27.05000000000025, 0]","[0, 0]",17
26,"[0, 1]",94.89999999999677,"[24, 24]","[0, 0]","[0, 0]",17
27,"[2, 3]",116.04999999999556,"[25, 25]","[25.350000000000225, 0]","[0, 0]",17
28,"[0, 1]",100.29999999999644,"[26, 32]","[2.4499999999999993, 0]","[2.4499999999999993, 0]",17
29,"[0, 1]",100.8499999999964,"[28, 28]","[0, 0]","[0, 0]",17
30,"[0, 3]",134.3999999999963,"[29, 38]","[0, 0]","[0, 0]",17
31,"[0, 1]",105.89999999999613,"[30, 39]","[0, 0]","[0, 0]",17
32,"[2, 1]",90.79999999999698,"[27, 26]","[23.800000000000203, 0]","[0, 0]",17
33,"[0, 1]",106.54999999999607,"[31, 31]","[0, 0]","[0, 0]",17
34,"[2, 3]",120.84999999999528,"[32, 27]","[22.300000000000182, 0]","[0, 0]",17
35,"[0, 1]",112.44999999999575,"[33, 45]","[2.3999999999999995, 0]","[2.3999999999999995, 0]",17
36,"[0, 1]",118.99999999999538,"[35, 47]","[1.800000000000001, 0]","[1.800000000000001, 0]",17
37,"[0, 1]",118.34999999999542,"[36, 36]","[0, 0]","[0, 0]",17
38,"[2, 3]",124.0499999999951,"[34, 34]","[20.900000000000162, 0]","[0, 0]",17
39,"[2, 1]",95.09999999999674,"[38, 29]","[19.45000000000014, 0]","[0, 0]",17
40,"[0, 1]",118.99999999999538,"[37, 37]","[0, 0]","[0, 0]",17
41,"[0, 1]",124.29999999999508,"[40, 51]","[2.3999999999999995, 0]","[2.3999999999999995, 0]",17
42,"[0, 1]",124.89999999999505,"[41, 41]","[0, 0]","[0, 0]",17
43,"[0, 1]",130.24999999999537,"[42, 60]","[2.499999999999999, 0]","[2.499999999999999, 0]",17
44,"[0, 1]",136.4999999999968,"[43, 62]","[2.8999999999999977, 0]","[2.8999999999999977, 0]",17
45,"[2, 1]",109.24999999999594,"[39, 33]","[20.70000000000016, 0]","[2.7499999999999982, 0]",17
46,"[0, 1]",141.99999999999804,"[44, 69]","[2.3, 0]","[2.3, 0]",17
47,"[2, 1]",114.19999999999564,"[45, 35]","[16.5500000000001, 0]","[0, 0]",17
48,"[0, 3]",170.35000000000448,"[46, 55]","[0, 0]","[0, 0]",17
49,"[2, 3]",144.59999999999863,"[47, 30]","[15.10000000000008, 0]","[0, 0]",17
50,"[2, 3]",147.9499999999994,"[49, 49]","[14.000000000000064, 0]","[0, 0]",17
51,"[2, 1]",121.9499999999952,"[50, 40]","[14.000000000000064, 0]","[0, 0]",17
52,"[0, 1]",142.2499999999981,"[48, 76]","[0, 0]","[0, 0]",17
53,"[0, 3]",175.00000000000554,"[52, 78]","[0.49999999999999994, 0]","[0, 0]",17
54,"[0, 1]",146.84999999999914,"[53, 79]","[0.9500000000000003, 0]","[0, 0]",17
55,"[2, 3]",152.15000000000035,"[51, 50]","[13.200000000000053, 0]","[0, 0]",17
56,"[0, 1]",147.29999999999924,"[54, 54]","[1.4000000000000006, 0]","[0, 0]",17
57,"[0, 1]",148.24999999999946,"[56, 56]","[1.7500000000000009, 0]","[0, 0]",17
58,"[0, 3]",179.35000000000653,"[57, 53]","[2.1000000000000005, 0]","[0, 0]",17
59,"[0, 1]",152.0000000000003,"[58, 57]","[2.499999999999999, 0]","[0, 0]",17
60,"[2, 1]",128.89999999999506,"[55, 42]","[12.100000000000037, 0]","[0, 0]",17
61,"[0, 1]",153.10000000000056,"[59, 59]","[2.799999999999998, 0]","[0, 0]",17
62,"[2, 1]",134.49999999999633,"[60, 43]","[11.000000000000021, 0]","[0, 0]",17
63,"[0, 1]",154.1500000000008,"[61, 61]","[3.4999999999999956, 0]","[0, 0]",17
64,"[0, 1]",155.20000000000104,"[63, 63]","[3.349999999999996, 0]","[0, 0]",17
65,"[0, 3]",186.2000000000081,"[64, 58]","[3.599999999999995, 0]","[0, 0]",17
66,"[0, 3]",188.4500000000086,"[65, 65]","[3.8499999999999943, 0]","[0, 0]",17
67,"[0, 1]",158.30000000000177,"[66, 64]","[3.999999999999994, 0]","[0, 0]",17
68,"[0, 1]",156.8000000000014,"[67, 67]","[5.249999999999989, 0]","[0, 0]",17
69,"[2, 1]",139.99999999999758,"[62, 44]","[11.750000000000032, 0]","[0, 0]",17
70,"[0, 1]",157.45000000000155,"[68, 68]","[6.249999999999986, 0]","[0, 0]",17
71,"[0, 1]",157.75000000000162,"[70, 70]","[7.7499999999999805, 0]","[0, 0]",17
72,"[0, 1]",156.85000000000142,"[71, 71]","[8.949999999999992, 0]","[0, 0]",17
73,"[0, 1]",156.8000000000014,"[72, 72]","[8.84999999999999, 0]","[0, 0]",17
74,"[0, 1]",150.70000000000002,"[73, 73]","[7.649999999999981, 0]","[0, 0]",17
75,"[0, 1]",145.09999999999874,"[74, 74]","[6.299999999999986, 0]","[0, 0]",17
76,"[2, 1]",145.44999999999882,"[69, 46]","[11.950000000000035, 0]","[0, 0]",17
77,"[0, 1]",145.24999999999878,"[75, 75]","[5.949999999999987, 0]","[0, 0]",17
78,"[2, 3]",177.60000000000613,"[76, 48]","[12.30000000000004, 0]","[0, 0]",17
79,"[2, 1]",148.74999999999957,"[78, 52]","[16.6000000000001, 0]","[0, 0]",17
0,"[2, 1]",36.40000000000007,"[-999, -999]","[0, 0]","[0, 0]",18
1,"[2, 3]",68.49999999999825,"[0, -999]","[0, 0]","[0, 0]",18
2,"[2, 1]",37.30000000000002,"[1, 0]","[0, 0]","[0, 0]",18
3,"[2, 1]",39.04999999999992,"[2, 2]","[0, 0]","[0, 0]",18
4,"[0, 1]",76.3499999999978,"[-999, 9]","[0, 0]","[2.8999999999999977, 0]",18
5,"[2, 1]",40.94999999999981,"[3, 3]","[0, 0]","[0, 0]",18
6,"[2, 1]",42.74999999999971,"[5, 5]","[0, 0]","[0, 0]",18
7,"[2, 1]",44.34999999999962,"[6, 6]","[0, 0]","[0, 0]",18
8,"[2, 1]",45.74999999999954,"[7, 7]","[0, 0]","[0, 0]",18
9,"[2, 1]",46.99999999999947,"[8, 8]","[0, 0]","[0, 0]",18
10,"[2, 1]",52.94999999999913,"[9, 4]","[2.549999999999999, 0]","[2.549999999999999, 0]",18
11,"[2, 1]",68.74999999999824,"[10, 17]","[11.700000000000031, 0]","[9.45, 0]",18
12,"[2, 1]",68.64999999999824,"[11, 11]","[21.35000000000017, 0]","[1.7500000000000009, 0]",18
13,"[2, 1]",86.84999999999721,"[12, 24]","[31.600000000000314, 0]","[9.900000000000006, 0]",18
14,"[2, 1]",91.69999999999692,"[13, 25]","[24.050000000000207, 0]","[0, 0]",18
15,"[0, 1]",74.49999999999791,"[4, 10]","[2.7499999999999982, 0]","[2.7499999999999982, 0]",18
16,"[0, 1]",74.5999999999979,"[15, 15]","[0, 0]","[0, 0]",18
17,"[0, 1]",75.44999999999786,"[16, 16]","[0, 0]","[0, 0]",18
18,"[0, 3]",106.4499999999961,"[17, -999]","[0, 0]","[0, 0]",18
19,"[2, 3]",122.59999999999518,"[14, 18]","[45.799999999999535, 0]","[0.05, 0]",18
20,"[2, 1]",97.89999999999658,"[19, 27]","[43.39999999999967, 0]","[0, 0]",18
21,"[0, 1]",83.84999999999738,"[18, 12]","[3.149999999999997, 0]","[3.149999999999997, 0]",18
22,"[2, 1]",104.6999999999962,"[20, 28]","[44.89999999999959, 0]","[3.1999999999999966, 0]",18
23,"[0, 1]",83.89999999999738,"[21, 21]","[0, 0]","[0, 0]",18
24,"[0, 1]",84.79999999999733,"[23, 23]","[0, 0]","[0, 0]",18
25,"[0, 1]",90.749999999997,"[24, 13]","[2.4499999999999993, 0]","[2.4499999999999993, 0]",18
26,"[0, 1]",96.34999999999668,"[25, 14]","[2.7499999999999982, 0]","[2.7499999999999982, 0]",18
27,"[0, 1]",96.39999999999668,"[26, 26]","[0, 0]","[0, 0]",18
28,"[0, 1]",102.14999999999634,"[27, 20]","[2.6999999999999984, 0]","[2.6999999999999984, 0]",18
29,"[0, 3]",131.99999999999577,"[28, 19]","[0, 0]","[0, 0]",18
30,"[2, 3]",136.79999999999686,"[22, 29]","[40.14999999999986, 0]","[0, 0]",18
31,"[0, 1]",104.3499999999962,"[29, 22]","[0, 0]","[0, 0]",18
32,"[0, 3]",136.89999999999688,"[31, 30]","[0, 0]","[0, 0]",18
33,"[2, 3]",144.69999999999865,"[30, 32]","[38.599999999999945, 0]","[0, 0]",18
34,"[2, 3]",146.6999999999991,"[33, 33]","[37.15000000000003, 0]","[0, 0]",18
35,"[0, 1]",107.79999999999602,"[32, 31]","[0, 0]","[0, 0]",18
36,"[0, 1]",108.89999999999596,"[35, 35]","[0.49999999999999994, 0]","[0, 0]",18
37,"[0, 1]",110.04999999999588,"[36, 36]","[1.1000000000000003, 0]","[0, 0]",18
38,"[0, 3]",141.19999999999786,"[37, 34]","[1.7000000000000008, 0]","[0, 0]",18
39,"[0, 1]",117.29999999999548,"[38, 45]","[4.849999999999991, 0]","[2.549999999999999, 0]",18
40,"[0, 1]",117.89999999999544,"[39, 39]","[2.849999999999998, 0]","[0, 0]",18
41,"[0, 1]",123.74999999999513,"[40, 47]","[5.699999999999988, 0]","[2.3999999999999995, 0]",18
42,"[2, 1]",122.69999999999516,"[34, 37]","[35.70000000000011, 0]","[0, 0]",18
43,"[0, 3]",153.7000000000007,"[41, 38]","[3.649999999999995, 0]","[0, 0]",18
44,"[0, 1]",125.649999999995,"[43, 48]","[3.899999999999994, 0]","[0, 0]",18
45,"[2, 1]",122.54999999999518,"[42, 42]","[34.200000000000195, 0]","[0, 0]",18
46,"[0, 1]",126.74999999999494,"[44, 44]","[4.149999999999993, 0]","[0, 0]",18
47,"[2, 1]",135.89999999999665,"[45, 40]","[35.70000000000011, 0]","[2.9499999999999975, 0]",18
48,"[2, 1]",140.8999999999978,"[47, 41]","[31.30000000000031, 0]","[0, 0]",18
49,"[0, 3]",157.85000000000164,"[46, 54]","[4.3499999999999925, 0]","[0, 0]",18
50,"[0, 3]",160.05000000000214,"[49, 49]","[4.549999999999992, 0]","[0, 0]",18
51,"[0, 1]",131.44999999999564,"[50, 58]","[4.749999999999991, 0]","[0, 0]",18
52,"[0, 1]",132.49999999999588,"[51, 51]","[4.94999999999999, 0]","[0, 0]",18
53,"[0, 1]",133.64999999999614,"[52, 52]","[5.14999999999999, 0]","[0, 0]",18
54,"[2, 3]",173.0000000000051,"[48, 43]","[31.650000000000315, 0]","[0, 0]",18
55,"[0, 1]",139.1499999999974,"[53, 66]","[7.699999999999981, 0]","[2.4499999999999993, 0]",18
56,"[0, 1]",139.54999999999748,"[55, 55]","[5.349999999999989, 0]","[0, 0]",18
57,"[0, 1]",145.3499999999988,"[56, 69]","[7.89999999999998, 0]","[2.4499999999999993, 0]",18
58,"[2, 1]",149.14999999999966,"[54, 46]","[32.20000000000031, 0]","[0, 0]",18
59,"[0, 1]",151.20000000000013,"[57, 76]","[8.549999999999986, 0]","[2.849999999999998, 0]",18
60,"[0, 1]",151.15000000000012,"[59, 59]","[6.199999999999986, 0]","[0, 0]",18
61,"[0, 1]",151.9500000000003,"[60, 60]","[6.399999999999985, 0]","[0, 0]",18
62,"[2, 3]",187.35000000000835,"[58, 50]","[35.250000000000135, 0]","[3.4499999999999957, 0]",18
63,"[0, 3]",182.85000000000733,"[61, -999]","[6.149999999999986, 0]","[0, 0]",18
64,"[0, 1]",155.4500000000011,"[63, 61]","[6.8999999999999835, 0]","[0, 0]",18
65,"[2, 3]",189.45000000000883,"[62, 62]","[30.900000000000304, 0]","[0, 0]",18
66,"[2, 1]",165.25000000000333,"[65, 53]","[34.45000000000018, 0]","[0, 0]",18
67,"[0, 1]",155.30000000000106,"[64, 64]","[6.499999999999985, 0]","[0, 0]",18
68,"[0, 1]",147.0499999999992,"[67, 67]","[3.5499999999999954, 0]","[0, 0]",18
69,"[2, 1]",176.35000000000585,"[66, 56]","[38.54999999999995, 0]","[2.6999999999999984, 0]",18
70,"[0, 1]",147.79999999999936,"[68, 68]","[3.899999999999994, 0]","[0, 0]",18
71,"[0, 1]",147.79999999999936,"[70, 70]","[4.099999999999993, 0]","[0, 0]",18
72,"[0, 1]",144.8999999999987,"[71, 71]","[4.199999999999993, 0]","[0, 0]",18
73,"[0, 1]",145.64999999999887,"[72, 72]","[4.199999999999993, 0]","[0, 0]",18
74,"[0, 1]",146.59999999999908,"[73, 73]","[3.999999999999994, 0]","[0, 0]",18
75,"[0, 1]",147.44999999999928,"[74, 74]","[4.099999999999993, 0]","[0, 0]",18
76,"[2, 1]",181.20000000000692,"[69, 57]","[38.19999999999997, 0]","[0, 0]",18
77,"[0, 1]",147.6999999999993,"[75, 75]","[5.09999999999999, 0]","[0, 0]",18
78,"[0, 1]",140.64999999999773,"[77, 77]","[3.999999999999994, 0]","[0, 0]",18
79,"[0, 3]",170.95000000000462,"[78, -999]","[3.099999999999997, 0]","[0, 0]",18
0,"[2, 1]",36.40000000000007,"[-999, -999]","[0, 0]","[0, 0]",19
1,"[0, 3]",96.69999999999663,"[-999, 4]","[0, 0]","[0, 0]",19
2,"[2, 1]",38.09999999999997,"[0, 0]","[0, 0]","[0, 0]",19
3,"[2, 1]",39.89999999999987,"[2, 2]","[0, 0]","[0, 0]",19
4,"[2, 3]",69.04999999999822,"[3, -999]","[0, 0]","[0, 0]",19
5,"[2, 1]",39.89999999999987,"[4, 3]","[0, 0]","[0, 0]",19
6,"[2, 1]",41.749999999999766,"[5, 5]","[0, 0]","[0, 0]",19
7,"[2, 1]",43.49999999999967,"[6, 6]","[0, 0]","[0, 0]",19
8,"[2, 1]",45.04999999999958,"[7, 7]","[0, 0]","[0, 0]",19
9,"[2, 1]",46.349999999999504,"[8, 8]","[0, 0]","[0, 0]",19
10,"[2, 1]",47.39999999999944,"[9, 9]","[0, 0]","[0, 0]",19
11,"[2, 1]",48.54999999999938,"[10, 10]","[0, 0]","[0, 0]",19
12,"[0, 3]",97.09999999999664,"[1, 1]","[0, 0]","[0, 0]",19
13,"[2, 1]",66.09999999999839,"[11, 16]","[9.800000000000004, 0]","[9.800000000000004, 0]",19
14,"[0, 1]",73.34999999999798,"[12, 11]","[0, 0]","[0, 0]",19
15,"[0, 1]",74.29999999999792,"[14, 14]","[0, 0]","[0, 0]",19
16,"[0, 1]",75.34999999999786,"[15, 15]","[0, 0]","[0, 0]",19
17,"[0, 1]",81.29999999999752,"[16, 13]","[2.4499999999999993, 0]","[2.4499999999999993, 0]",19
18,"[2, 1]",71.04999999999811,"[13, 17]","[0, 0]","[0, 0]",19
19,"[2, 3]",101.34999999999638,"[18, 12]","[0, 0]","[0, 0]",19
20,"[0, 1]",87.79999999999715,"[17, 18]","[1.900000000000001, 0]","[1.900000000000001, 0]",19
21,"[0, 1]",87.24999999999719,"[20, 20]","[0, 0]","[0, 0]",19
22,"[0, 1]",87.84999999999715,"[21, 21]","[0, 0]","[0, 0]",19
23,"[0, 1]",93.69999999999682,"[22, 27]","[2.3999999999999995, 0]","[2.3999999999999995, 0]",19
24,"[0, 1]",94.0499999999968,"[23, 23]","[0, 0]","[0, 0]",19
25,"[0, 1]",99.3499999999965,"[24, 33]","[2.549999999999999, 0]","[2.549999999999999, 0]",19
26,"[0, 1]",99.84999999999648,"[25, 25]","[0, 0]","[0, 0]",19
27,"[2, 1]",83.64999999999739,"[19, 22]","[27.15000000000025, 0]","[2.3999999999999995, 0]",19
28,"[0, 1]",100.8499999999964,"[26, 26]","[0, 0]","[0, 0]",19
29,"[0, 1]",106.74999999999608,"[28, 34]","[2.3999999999999995, 0]","[2.3999999999999995, 0]",19
30,"[2, 3]",113.54999999999568,"[27, 19]","[36.70000000000005, 0]","[0.05, 0]",19
31,"[0, 1]",112.29999999999576,"[29, 35]","[2.7499999999999982, 0]","[2.7499999999999982, 0]",19
32,"[0, 1]",112.34999999999576,"[31, 31]","[0, 0]","[0, 0]",19
33,"[2, 1]",89.09999999999708,"[30, 24]","[34.30000000000019, 0]","[0, 0]",19
34,"[2, 1]",105.89999999999613,"[33, 28]","[42.39999999999973, 0]","[9.800000000000004, 0]",19
35,"[2, 1]",110.79999999999583,"[34, 29]","[31.050000000000306, 0]","[0, 0]",19
36,"[0, 1]",117.49999999999548,"[32, 39]","[2.3999999999999995, 0]","[2.3999999999999995, 0]",19
37,"[0, 1]",118.14999999999544,"[36, 36]","[0, 0]","[0, 0]",19
38,"[2, 3]",140.59999999999772,"[35, 30]","[29.500000000000284, 0]","[0, 0]",19
39,"[2, 1]",117.14999999999549,"[38, 32]","[28.050000000000264, 0]","[0, 0]",19
40,"[0, 1]",119.09999999999538,"[37, 37]","[0, 0]","[0, 0]",19
41,"[0, 1]",124.59999999999506,"[40, 55]","[2.4499999999999993, 0]","[2.4499999999999993, 0]",19
42,"[0, 3]",156.3500000000013,"[41, 65]","[0, 0]","[0, 0]",19
43,"[0, 3]",157.90000000000165,"[42, 42]","[0, 0]","[0, 0]",19
44,"[0, 1]",130.19999999999536,"[43, 79]","[0, 0]","[0, 0]",19
45,"[0, 3]",160.40000000000222,"[44, 43]","[0, 0]","[0, 0]",19
46,"[0, 1]",132.89999999999597,"[45, 44]","[0, 0]","[0, 0]",19
47,"[0, 1]",133.99999999999622,"[46, 46]","[0, 0]","[0, 0]",19
48,"[0, 1]",135.09999999999647,"[47, 47]","[0, 0]","[0, 0]",19
49,"[2, 3]",147.6999999999993,"[39, 38]","[26.600000000000243, 0]","[0, 0]",19
50,"[0, 1]",136.1499999999967,"[48, 48]","[0, 0]","[0, 0]",19
51,"[0, 3]",167.15000000000376,"[50, 45]","[0, 0]","[0, 0]",19
52,"[0, 1]",139.89999999999756,"[51, 50]","[0, 0]","[0, 0]",19
53,"[0, 1]",140.9999999999978,"[52, 52]","[0, 0]","[0, 0]",19
54,"[2, 3]",150.70000000000002,"[49, 49]","[25.10000000000022, 0]","[0, 0]",19
55,"[2, 1]",125.749999999995,"[54, 40]","[23.6500000000002, 0]","[0, 0]",19
56,"[0, 1]",142.09999999999806,"[53, 53]","[0.5499999999999999, 0]","[0, 0]",19
57,"[0, 1]",143.1999999999983,"[56, 56]","[1.2000000000000004, 0]","[0, 0]",19
58,"[0, 1]",144.19999999999854,"[57, 57]","[2.0500000000000007, 0]","[0, 0]",19
59,"[0, 1]",145.24999999999878,"[58, 58]","[2.000000000000001, 0]","[0, 0]",19
60,"[0, 1]",146.29999999999902,"[59, 59]","[1.4500000000000006, 0]","[0, 0]",19
61,"[0, 1]",147.24999999999923,"[60, 60]","[1.6500000000000008, 0]","[0, 0]",19
62,"[0, 3]",178.00000000000622,"[61, 51]","[1.7000000000000008, 0]","[0, 0]",19
63,"[0, 1]",146.89999999999915,"[62, 61]","[2.3, 0]","[0, 0]",19
64,"[0, 1]",147.34999999999926,"[63, 63]","[2.1000000000000005, 0]","[0, 0]",19
65,"[2, 3]",155.5000000000011,"[55, 54]","[22.20000000000018, 0]","[0, 0]",19
66,"[0, 3]",178.15000000000626,"[64, 62]","[1.1500000000000004, 0]","[0, 0]",19
67,"[0, 1]",144.8499999999987,"[66, 64]","[1.0000000000000002, 0]","[0, 0]",19
68,"[0, 1]",142.04999999999805,"[67, 67]","[1.7500000000000009, 0]","[0, 0]",19
69,"[0, 1]",141.24999999999787,"[68, 68]","[1.5000000000000007, 0]","[0, 0]",19
70,"[0, 3]",166.4000000000036,"[69, 66]","[1.5500000000000007, 0]","[0, 0]",19
71,"[0, 1]",138.44999999999723,"[70, 69]","[2.3, 0]","[0, 0]",19
72,"[0, 1]",136.0999999999967,"[71, 71]","[3.2999999999999963, 0]","[0, 0]",19
73,"[0, 1]",135.49999999999656,"[72, 72]","[4.099999999999993, 0]","[0, 0]",19
74,"[0, 1]",136.19999999999672,"[73, 73]","[3.999999999999994, 0]","[0, 0]",19
75,"[0, 1]",136.64999999999682,"[74, 74]","[2.9499999999999975, 0]","[0, 0]",19
76,"[0, 1]",128.79999999999504,"[75, 75]","[0, 0]","[0, 0]",19
77,"[0, 1]",129.39999999999517,"[76, 76]","[0, 0]","[0, 0]",19
78,"[2, 1]",127.4999999999949,"[65, 41]","[22.550000000000185, 0]","[0, 0]",19
79,"[2, 1]",129.84999999999528,"[78, 78]","[23.350000000000197, 0]","[0, 0]",19
0,"[0, 1]",75.64999999999785,"[-999, 8]","[0, 0]","[2.9999999999999973, 0]",20
1,"[2, 1]",36.40000000000007,"[-999, -999]","[0, 0]","[0, 0]",20
2,"[2, 1]",38.09999999999997,"[1, 1]","[0, 0]","[0, 0]",20
3,"[2, 1]",39.89999999999987,"[2, 2]","[0, 0]","[0, 0]",20
4,"[2, 3]",69.24999999999821,"[3, -999]","[0, 0]","[0, 0]",20
5,"[2, 1]",37.74999999999999,"[4, 3]","[0, 0]","[0, 0]",20
6,"[2, 1]",39.54999999999989,"[5, 5]","[0, 0]","[0, 0]",20
7,"[2, 1]",41.34999999999979,"[6, 6]","[0, 0]","[0, 0]",20
8,"[2, 1]",43.29999999999968,"[7, 7]","[0, 0]","[0, 0]",20
9,"[2, 1]",50.74999999999925,"[8, 0]","[1.3500000000000005, 0]","[1.3500000000000005, 0]",20
10,"[2, 1]",60.99999999999867,"[9, 15]","[9.850000000000005, 0]","[9.850000000000005, 0]",20
11,"[2, 1]",71.1499999999981,"[10, 17]","[17.000000000000107, 0]","[4.899999999999991, 0]",20
12,"[0, 1]",70.94999999999811,"[0, 9]","[0, 0]","[0, 0]",20
13,"[2, 1]",70.94999999999811,"[11, 11]","[18.65000000000013, 0]","[0, 0]",20
14,"[2, 1]",89.24999999999707,"[13, 25]","[33.70000000000022, 0]","[9.800000000000004, 0]",20
15,"[0, 1]",71.99999999999805,"[12, 12]","[0, 0]","[0, 0]",20
16,"[0, 1]",78.94999999999766,"[15, 10]","[1.3000000000000005, 0]","[1.3000000000000005, 0]",20
17,"[0, 1]",78.2999999999977,"[16, 16]","[0, 0]","[0, 0]",20
18,"[2, 3]",118.6999999999954,"[14, 19]","[41.99999999999975, 0]","[0.05, 0]",20
19,"[0, 3]",108.89999999999596,"[17, -999]","[0, 0]","[0, 0]",20
20,"[2, 1]",95.29999999999671,"[18, 27]","[39.649999999999885, 0]","[0, 0]",20
21,"[0, 1]",86.09999999999725,"[19, 13]","[2.9999999999999973, 0]","[2.9999999999999973, 0]",20
22,"[2, 1]",106.4499999999961,"[20, 29]","[41.1499999999998, 0]","[3.2499999999999964, 0]",20
23,"[2, 3]",138.2499999999972,"[22, 30]","[36.35000000000007, 0]","[0, 0]",20
24,"[0, 1]",86.34999999999724,"[21, 21]","[0, 0]","[0, 0]",20
25,"[0, 1]",87.24999999999719,"[24, 24]","[0, 0]","[0, 0]",20
26,"[0, 1]",93.09999999999684,"[25, 14]","[2.4499999999999993, 0]","[2.4499999999999993, 0]",20
27,"[0, 1]",93.49999999999685,"[26, 26]","[0, 0]","[0, 0]",20
28,"[0, 1]",98.84999999999653,"[27, 20]","[2.3999999999999995, 0]","[2.3999999999999995, 0]",20
29,"[0, 1]",99.3499999999965,"[28, 28]","[0, 0]","[0, 0]",20
30,"[0, 3]",130.09999999999533,"[29, 18]","[0, 0]","[0, 0]",20
31,"[0, 1]",102.14999999999634,"[30, 22]","[0, 0]","[0, 0]",20
32,"[0, 3]",134.7499999999964,"[31, 23]","[0, 0]","[0, 0]",20
33,"[2, 1]",109.24999999999594,"[23, 31]","[34.85000000000016, 0]","[0, 0]",20
34,"[0, 3]",136.0999999999967,"[32, 32]","[0, 0]","[0, 0]",20
35,"[0, 1]",108.249999999996,"[34, 38]","[0, 0]","[0, 0]",20
36,"[0, 1]",108.69999999999597,"[35, 35]","[0, 0]","[0, 0]",20
37,"[0, 1]",114.59999999999565,"[36, 39]","[2.4499999999999993, 0]","[2.4499999999999993, 0]",20
38,"[2, 1]",111.5499999999958,"[33, 33]","[33.35000000000024, 0]","[0, 0]",20
39,"[2, 1]",125.499999999995,"[38, 36]","[34.75000000000016, 0]","[2.849999999999998, 0]",20
40,"[0, 1]",120.69999999999528,"[37, 41]","[2.5999999999999988, 0]","[2.5999999999999988, 0]",20
41,"[2, 1]",130.3999999999954,"[39, 37]","[30.450000000000298, 0]","[0, 0]",20
42,"[0, 3]",149.14999999999966,"[40, 34]","[0, 0]","[0, 0]",20
43,"[0, 1]",121.09999999999526,"[42, 45]","[0, 0]","[0, 0]",20
44,"[0, 1]",122.1499999999952,"[43, 43]","[0, 0]","[0, 0]",20
45,"[2, 1]",135.54999999999657,"[41, 40]","[29.000000000000277, 0]","[0, 0]",20
46,"[0, 1]",123.19999999999514,"[44, 44]","[0, 0]","[0, 0]",20
47,"[0, 1]",124.24999999999508,"[46, 46]","[0, 0]","[0, 0]",20
48,"[0, 1]",131.09999999999556,"[47, 55]","[3.1999999999999966, 0]","[3.1999999999999966, 0]",20
49,"[2, 3]",167.65000000000387,"[45, 42]","[28.050000000000264, 0]","[0, 0]",20
50,"[2, 3]",170.20000000000445,"[49, 49]","[28.250000000000266, 0]","[0, 0]",20
51,"[0, 1]",130.74999999999548,"[48, 48]","[0, 0]","[0, 0]",20
52,"[0, 1]",136.34999999999675,"[51, 58]","[2.549999999999999, 0]","[2.549999999999999, 0]",20
53,"[2, 3]",172.50000000000497,"[50, 50]","[29.050000000000278, 0]","[0, 0]",20
54,"[0, 1]",142.6499999999982,"[52, 70]","[2.3, 0]","[2.3, 0]",20
55,"[2, 1]",146.04999999999896,"[53, 47]","[29.10000000000028, 0]","[0, 0]",20
56,"[0, 1]",142.04999999999805,"[54, 54]","[0, 0]","[0, 0]",20
57,"[0, 1]",147.4999999999993,"[56, 74]","[2.4499999999999993, 0]","[2.4499999999999993, 0]",20
58,"[2, 1]",158.1000000000017,"[55, 51]","[30.900000000000304, 0]","[2.6499999999999986, 0]",20
59,"[0, 1]",147.79999999999936,"[57, 57]","[0, 0]","[0, 0]",20
60,"[0, 1]",148.7999999999996,"[59, 59]","[0.9500000000000003, 0]","[0, 0]",20
61,"[0, 1]",149.7999999999998,"[60, 60]","[1.2500000000000004, 0]","[0, 0]",20
62,"[0, 1]",150.80000000000004,"[61, 61]","[0.8500000000000002, 0]","[0, 0]",20
63,"[0, 1]",151.85000000000028,"[62, 62]","[0, 0]","[0, 0]",20
64,"[0, 1]",152.70000000000047,"[63, 63]","[0, 0]","[0, 0]",20
65,"[0, 1]",149.49999999999974,"[64, 64]","[0.49999999999999994, 0]","[0, 0]",20
66,"[0, 1]",149.39999999999972,"[65, 65]","[1.1500000000000004, 0]","[0, 0]",20
67,"[0, 1]",150.09999999999988,"[66, 66]","[1.6500000000000008, 0]","[0, 0]",20
68,"[0, 1]",151.00000000000009,"[67, 67]","[2.1000000000000005, 0]","[0, 0]",20
69,"[0, 1]",151.85000000000028,"[68, 68]","[2.5999999999999988, 0]","[0, 0]",20
70,"[2, 1]",163.05000000000285,"[58, 52]","[36.45000000000007, 0]","[0, 0]",20
71,"[0, 1]",152.65000000000046,"[69, 69]","[3.2499999999999964, 0]","[0, 0]",20
72,"[0, 1]",152.95000000000053,"[71, 71]","[3.7499999999999947, 0]","[0, 0]",20
73,"[0, 1]",152.15000000000035,"[72, 72]","[4.3499999999999925, 0]","[0, 0]",20
74,"[2, 1]",173.9500000000053,"[70, 56]","[41.44999999999978, 0]","[2.3499999999999996, 0]",20
75,"[0, 1]",141.89999999999802,"[73, 73]","[0, 0]","[0, 0]",20
76,"[0, 3]",172.05000000000487,"[75, -999]","[0, 0]","[0, 0]",20
77,"[0, 1]",139.99999999999758,"[76, 75]","[0, 0]","[0, 0]",20
78,"[0, 1]",140.0499999999976,"[77, 77]","[0.6, 0]","[0, 0]",20
79,"[0, 3]",171.00000000000463,"[78, 76]","[2.000000000000001, 0]","[0, 0]",20
0,"[2, 3]",67.7499999999983,"[-999, -999]","[0, 0]","[0, 0]",21
1,"[2, 1]",37.15000000000003,"[0, -999]","[0, 0]","[0, 0]",21
2,"[2, 1]",38.89999999999993,"[1, 1]","[0, 0]","[0, 0]",21
3,"[2, 1]",40.74999999999982,"[2, 2]","[0, 0]","[0, 0]",21
4,"[0, 1]",77.34999999999775,"[-999, 9]","[0, 0]","[2.3, 0]",21
5,"[2, 1]",42.54999999999972,"[3, 3]","[0, 0]","[0, 0]",21
6,"[2, 1]",44.09999999999963,"[5, 5]","[0, 0]","[0, 0]",21
7,"[2, 1]",45.59999999999955,"[6, 6]","[0, 0]","[0, 0]",21
8,"[2, 1]",46.84999999999948,"[7, 7]","[0, 0]","[0, 0]",21
9,"[2, 1]",47.64999999999943,"[8, 8]","[0, 0]","[0, 0]",21
10,"[2, 1]",53.79999999999908,"[9, 4]","[3.349999999999996, 0]","[3.349999999999996, 0]",21
11,"[2, 1]",59.99999999999873,"[10, 15]","[5.299999999999989, 0]","[2.3999999999999995, 0]",21
12,"[2, 1]",65.29999999999843,"[11, 16]","[12.35000000000004, 0]","[1.3000000000000005, 0]",21
13,"[2, 1]",70.74999999999812,"[12, 17]","[13.400000000000055, 0]","[0, 0]",21
14,"[0, 3]",100.04999999999646,"[4, 0]","[0, 0]","[0, 0]",21
15,"[0, 1]",72.24999999999804,"[14, 10]","[0, 0]","[0, 0]",21
16,"[0, 1]",78.2499999999977,"[15, 11]","[2.549999999999999, 0]","[2.549999999999999, 0]",21
17,"[0, 1]",83.14999999999742,"[16, 12]","[2.5999999999999988, 0]","[2.5999999999999988, 0]",21
18,"[2, 1]",70.49999999999814,"[13, 13]","[18.450000000000127, 0]","[0, 0]",21
19,"[0, 3]",113.14999999999571,"[17, 14]","[0, 0]","[0, 0]",21
20,"[0, 1]",89.84999999999704,"[19, 18]","[2.7499999999999982, 0]","[2.7499999999999982, 0]",21
21,"[0, 1]",90.349999999997,"[20, 20]","[0, 0]","[0, 0]",21
22,"[2, 1]",84.19999999999736,"[18, 21]","[19.200000000000138, 0]","[3.099999999999997, 0]",21
23,"[0, 1]",96.24999999999667,"[21, 22]","[2.549999999999999, 0]","[2.549999999999999, 0]",21
24,"[0, 1]",96.54999999999666,"[23, 23]","[0, 0]","[0, 0]",21
25,"[0, 1]",102.34999999999631,"[24, 27]","[2.549999999999999, 0]","[2.549999999999999, 0]",21
26,"[0, 1]",108.49999999999598,"[25, 32]","[2.849999999999998, 0]","[2.849999999999998, 0]",21
27,"[2, 1]",94.69999999999676,"[22, 24]","[17.100000000000108, 0]","[2.6999999999999984, 0]",21
28,"[0, 1]",113.69999999999568,"[26, 38]","[2.0500000000000007, 0]","[2.0500000000000007, 0]",21
29,"[0, 1]",118.8499999999954,"[28, 43]","[2.3999999999999995, 0]","[2.3999999999999995, 0]",21
30,"[0, 1]",118.19999999999544,"[29, 29]","[0, 0]","[0, 0]",21
31,"[0, 1]",124.99999999999504,"[30, 47]","[2.6499999999999986, 0]","[2.6499999999999986, 0]",21
32,"[2, 1]",99.64999999999648,"[27, 25]","[12.900000000000048, 0]","[0, 0]",21
33,"[0, 1]",124.39999999999507,"[31, 31]","[0, 0]","[0, 0]",21
34,"[0, 1]",124.99999999999504,"[33, 33]","[0, 0]","[0, 0]",21
35,"[0, 1]",130.24999999999537,"[34, 76]","[2.3499999999999996, 0]","[2.3499999999999996, 0]",21
36,"[0, 1]",136.74999999999685,"[35, 78]","[2.3999999999999995, 0]","[2.3999999999999995, 0]",21
37,"[0, 1]",136.1499999999967,"[36, 36]","[0, 0]","[0, 0]",21
38,"[2, 1]",104.7499999999962,"[32, 26]","[11.450000000000028, 0]","[0, 0]",21
39,"[0, 1]",136.74999999999685,"[37, 37]","[0, 0]","[0, 0]",21
40,"[0, 1]",137.79999999999708,"[39, 39]","[0, 0]","[0, 0]",21
41,"[0, 1]",138.7999999999973,"[40, 40]","[0, 0]","[0, 0]",21
42,"[0, 1]",139.84999999999755,"[41, 41]","[0, 0]","[0, 0]",21
43,"[2, 1]",110.34999999999587,"[38, 28]","[9.950000000000006, 0]","[0, 0]",21
44,"[0, 1]",140.84999999999778,"[42, 42]","[0, 0]","[0, 0]",21
45,"[2, 3]",141.3499999999979,"[43, -999]","[8.549999999999986, 0]","[0, 0]",21
46,"[0, 3]",171.85000000000483,"[44, -999]","[0, 0]","[0, 0]",21
47,"[2, 1]",116.19999999999554,"[45, 30]","[7.149999999999983, 0]","[0, 0]",21
48,"[2, 3]",147.84999999999937,"[47, 45]","[5.699999999999988, 0]","[0, 0]",21
49,"[2, 3]",151.0500000000001,"[48, 48]","[4.799999999999991, 0]","[0, 0]",21
50,"[0, 3]",174.15000000000535,"[46, 46]","[0, 0]","[0, 0]",21
51,"[0, 1]",145.64999999999887,"[50, 44]","[0, 0]","[0, 0]",21
52,"[0, 1]",146.6999999999991,"[51, 51]","[0, 0]","[0, 0]",21
53,"[0, 1]",147.84999999999937,"[52, 52]","[0, 0]","[0, 0]",21
54,"[0, 1]",148.8999999999996,"[53, 53]","[0.3, 0]","[0, 0]",21
55,"[0, 3]",179.85000000000664,"[54, 50]","[1.4000000000000006, 0]","[0, 0]",21
56,"[0, 1]",152.60000000000045,"[55, 54]","[1.950000000000001, 0]","[0, 0]",21
57,"[0, 1]",153.7000000000007,"[56, 56]","[2.4499999999999993, 0]","[0, 0]",21
58,"[0, 1]",154.70000000000093,"[57, 57]","[3.099999999999997, 0]","[0, 0]",21
59,"[0, 1]",155.60000000000113,"[58, 58]","[3.1999999999999966, 0]","[0, 0]",21
60,"[0, 1]",156.25000000000128,"[59, 59]","[3.1999999999999966, 0]","[0, 0]",21
61,"[0, 1]",150.80000000000004,"[60, 60]","[2.499999999999999, 0]","[0, 0]",21
62,"[0, 3]",179.95000000000667,"[61, 55]","[2.6999999999999984, 0]","[0, 0]",21
63,"[0, 1]",147.9499999999994,"[62, 61]","[2.9499999999999975, 0]","[0, 0]",21
64,"[0, 1]",143.9999999999985,"[63, 63]","[3.1999999999999966, 0]","[0, 0]",21
65,"[0, 3]",172.90000000000506,"[64, 62]","[3.2999999999999963, 0]","[0, 0]",21
66,"[0, 3]",166.80000000000368,"[65, 65]","[1.3000000000000005, 0]","[0, 0]",21
67,"[0, 1]",137.69999999999706,"[66, 64]","[0.8000000000000002, 0]","[0, 0]",21
68,"[0, 1]",138.44999999999723,"[67, 67]","[0, 0]","[0, 0]",21
69,"[0, 1]",134.04999999999623,"[68, 68]","[0, 0]","[0, 0]",21
70,"[0, 1]",133.8999999999962,"[69, 69]","[0, 0]","[0, 0]",21
71,"[0, 1]",131.49999999999565,"[70, 70]","[0.3, 0]","[0, 0]",21
72,"[0, 1]",132.1499999999958,"[71, 71]","[0.44999999999999996, 0]","[0, 0]",21
73,"[0, 1]",132.84999999999596,"[72, 72]","[0, 0]","[0, 0]",21
74,"[0, 1]",128.79999999999504,"[73, 73]","[0, 0]","[0, 0]",21
75,"[0, 1]",128.84999999999505,"[74, 74]","[0, 0]","[0, 0]",21
76,"[2, 1]",125.19999999999504,"[49, 34]","[5.549999999999988, 0]","[0, 0]",21
77,"[0, 1]",129.39999999999517,"[75, 75]","[0, 0]","[0, 0]",21
78,"[2, 1]",131.04999999999555,"[76, 35]","[9.299999999999997, 0]","[0, 0]",21
79,"[0, 1]",129.8999999999953,"[77, 77]","[0, 0]","[0, 0]",21
0,"[0, 1]",73.89999999999795,"[-999, 7]","[0, 0]","[2.2, 0]",22
1,"[2, 1]",36.40000000000007,"[-999, -999]","[0, 0]","[0, 0]",22
2,"[2, 1]",38.09999999999997,"[1, 1]","[0, 0]","[0, 0]",22
3,"[2, 1]",39.89999999999987,"[2, 2]","[0, 0]","[0, 0]",22
4,"[2, 1]",41.79999999999976,"[3, 3]","[0, 0]","[0, 0]",22
5,"[2, 1]",43.54999999999966,"[4, 4]","[0, 0]","[0, 0]",22
6,"[2, 1]",45.04999999999958,"[5, 5]","[0, 0]","[0, 0]",22
7,"[2, 1]",46.349999999999504,"[6, 6]","[0, 0]","[0, 0]",22
8,"[2, 1]",52.54999999999915,"[7, 0]","[1.5000000000000007, 0]","[1.5000000000000007, 0]",22
9,"[2, 1]",52.69999999999914,"[8, 8]","[3.149999999999997, 0]","[3.149999999999997, 0]",22
10,"[2, 1]",65.14999999999844,"[9, 15]","[9.650000000000002, 0]","[4.749999999999991, 0]",22
11,"[2, 1]",70.04999999999816,"[10, 16]","[12.650000000000045, 0]","[0, 0]",22
12,"[2, 1]",75.29999999999787,"[11, 17]","[17.800000000000118, 0]","[0, 0]",22
13,"[2, 1]",80.54999999999757,"[12, 18]","[22.85000000000019, 0]","[0, 0]",22
14,"[0, 1]",73.09999999999799,"[0, 9]","[2.6999999999999984, 0]","[2.6999999999999984, 0]",22
15,"[0, 1]",74.14999999999793,"[14, 14]","[0, 0]","[0, 0]",22
16,"[0, 1]",80.14999999999759,"[15, 10]","[2.3999999999999995, 0]","[2.3999999999999995, 0]",22
17,"[0, 1]",84.99999999999731,"[16, 11]","[2.549999999999999, 0]","[2.549999999999999, 0]",22
18,"[0, 1]",89.79999999999704,"[17, 12]","[2.4499999999999993, 0]","[2.4499999999999993, 0]",22
19,"[2, 1]",85.84999999999727,"[13, 20]","[20.500000000000156, 0]","[0, 0]",22
20,"[0, 1]",94.69999999999676,"[18, 13]","[2.549999999999999, 0]","[2.549999999999999, 0]",22
21,"[0, 1]",100.54999999999644,"[20, 19]","[2.7499999999999982, 0]","[2.7499999999999982, 0]",22
22,"[2, 1]",97.19999999999662,"[19, 24]","[21.55000000000017, 0]","[2.7499999999999982, 0]",22
23,"[2, 1]",102.09999999999634,"[22, 25]","[17.25000000000011, 0]","[0, 0]",22
24,"[0, 1]",100.54999999999644,"[21, 21]","[0, 0]","[0, 0]",22
25,"[0, 1]",106.2499999999961,"[24, 22]","[2.549999999999999, 0]","[2.549999999999999, 0]",22
26,"[0, 1]",112.44999999999575,"[25, 23]","[2.499999999999999, 0]","[2.499999999999999, 0]",22
27,"[0, 1]",111.8499999999958,"[26, 26]","[0, 0]","[0, 0]",22
28,"[0, 1]",117.24999999999548,"[27, 30]","[2.4499999999999993, 0]","[2.4499999999999993, 0]",22
29,"[0, 1]",117.59999999999546,"[28, 28]","[0, 0]","[0, 0]",22
30,"[2, 1]",112.99999999999572,"[23, 27]","[17.95000000000012, 0]","[2.2, 0]",22
31,"[0, 1]",122.99999999999515,"[29, 35]","[2.4499999999999993, 0]","[2.4499999999999993, 0]",22
32,"[0, 1]",123.44999999999511,"[31, 31]","[0, 0]","[0, 0]",22
33,"[2, 3]",141.24999999999787,"[30, -999]","[14.300000000000068, 0]","[0, 0]",22
34,"[0, 3]",156.95000000000144,"[32, 39]","[0, 0]","[0, 0]",22
35,"[2, 1]",119.19999999999536,"[33, 29]","[12.900000000000048, 0]","[0, 0]",22
36,"[0, 1]",127.64999999999488,"[34, 32]","[0, 0]","[0, 0]",22
37,"[0, 1]",128.79999999999504,"[36, 36]","[0, 0]","[0, 0]",22
38,"[2, 3]",149.49999999999974,"[35, 33]","[12.050000000000036, 0]","[0, 0]",22
39,"[2, 3]",152.30000000000038,"[38, 38]","[12.000000000000036, 0]","[0, 0]",22
40,"[0, 1]",129.8999999999953,"[37, 37]","[0, 0]","[0, 0]",22
41,"[2, 3]",159.8500000000021,"[39, 34]","[12.750000000000046, 0]","[0, 0]",22
42,"[2, 1]",146.99999999999918,"[41, 44]","[22.75000000000019, 0]","[9.600000000000001, 0]",22
43,"[2, 3]",176.1000000000058,"[42, 41]","[13.250000000000053, 0]","[0, 0]",22
44,"[0, 1]",130.89999999999552,"[40, 40]","[0, 0]","[0, 0]",22
45,"[2, 1]",152.8000000000005,"[43, 49]","[14.45000000000007, 0]","[0, 0]",22
46,"[0, 1]",136.9499999999969,"[44, 42]","[2.549999999999999, 0]","[2.549999999999999, 0]",22
47,"[2, 1]",164.15000000000308,"[45, 51]","[21.650000000000173, 0]","[3.049999999999997, 0]",22
48,"[2, 1]",169.00000000000418,"[47, 53]","[19.500000000000142, 0]","[0, 0]",22
49,"[0, 1]",137.19999999999695,"[46, 46]","[0, 0]","[0, 0]",22
50,"[0, 1]",142.49999999999815,"[49, 45]","[2.4499999999999993, 0]","[2.4499999999999993, 0]",22
51,"[0, 1]",142.94999999999823,"[50, 50]","[0, 0]","[0, 0]",22
52,"[2, 3]",201.2000000000115,"[48, 54]","[19.800000000000146, 0]","[0, 0]",22
53,"[0, 1]",148.8499999999996,"[51, 47]","[2.4499999999999993, 0]","[2.4499999999999993, 0]",22
54,"[0, 3]",178.70000000000638,"[53, 43]","[0, 0]","[0, 0]",22
55,"[0, 1]",150.85000000000005,"[54, 48]","[0, 0]","[0, 0]",22
56,"[0, 1]",151.70000000000024,"[55, 55]","[0.44999999999999996, 0]","[0, 0]",22
57,"[0, 1]",157.2000000000015,"[56, 58]","[3.349999999999996, 0]","[2.3999999999999995, 0]",22
58,"[2, 1]",177.050000000006,"[52, 56]","[22.80000000000019, 0]","[0, 0]",22
59,"[0, 1]",157.7000000000016,"[57, 57]","[2.1500000000000004, 0]","[0, 0]",22
60,"[0, 3]",191.30000000000925,"[59, 76]","[3.649999999999995, 0]","[0, 0]",22
61,"[0, 1]",162.9000000000028,"[60, 78]","[4.899999999999991, 0]","[0, 0]",22
62,"[0, 3]",195.25000000001012,"[61, 79]","[6.399999999999985, 0]","[0, 0]",22
63,"[0, 1]",165.75000000000344,"[62, 61]","[7.499999999999981, 0]","[0, 0]",22
64,"[0, 1]",165.85000000000346,"[63, 63]","[8.299999999999983, 0]","[0, 0]",22
65,"[2, 3]",207.2000000000129,"[58, 52]","[27.15000000000025, 0]","[0, 0]",22
66,"[0, 1]",164.2500000000031,"[64, 64]","[8.499999999999986, 0]","[0, 0]",22
67,"[0, 1]",158.20000000000172,"[66, 66]","[7.699999999999981, 0]","[0, 0]",22
68,"[0, 1]",157.75000000000162,"[67, 67]","[8.199999999999982, 0]","[0, 0]",22
69,"[0, 1]",154.85000000000096,"[68, 68]","[8.04999999999998, 0]","[0, 0]",22
70,"[0, 1]",149.54999999999976,"[69, 69]","[8.09999999999998, 0]","[0, 0]",22
71,"[0, 1]",149.7499999999998,"[70, 70]","[8.999999999999993, 0]","[0, 0]",22
72,"[0, 1]",149.99999999999986,"[71, 71]","[10.000000000000007, 0]","[0, 0]",22
73,"[0, 1]",140.84999999999778,"[72, 72]","[6.749999999999984, 0]","[0, 0]",22
74,"[0, 1]",141.09999999999783,"[73, 73]","[7.4499999999999815, 0]","[0, 0]",22
75,"[0, 1]",141.99999999999804,"[74, 74]","[7.649999999999981, 0]","[0, 0]",22
76,"[2, 3]",210.4000000000136,"[65, 65]","[30.900000000000304, 0]","[0, 0]",22
77,"[0, 1]",142.94999999999823,"[75, 75]","[7.299999999999982, 0]","[0, 0]",22
78,"[2, 1]",181.55000000000703,"[76, 59]","[34.60000000000017, 0]","[0, 0]",22
79,"[2, 3]",215.3000000000147,"[78, 60]","[36.650000000000055, 0]","[0, 0]",22
0,"[2, 1]",36.40000000000007,"[-999, -999]","[0, 0]","[0, 0]",23
1,"[2, 1]",38.09999999999997,"[0, 0]","[0, 0]","[0, 0]",23
2,"[2, 1]",39.89999999999987,"[1, 1]","[0, 0]","[0, 0]",23
3,"[2, 1]",41.79999999999976,"[2, 2]","[0, 0]","[0, 0]",23
4,"[2, 1]",43.54999999999966,"[3, 3]","[0, 0]","[0, 0]",23
5,"[2, 1]",45.04999999999958,"[4, 4]","[0, 0]","[0, 0]",23
6,"[2, 1]",46.349999999999504,"[5, 5]","[0, 0]","[0, 0]",23
7,"[2, 1]",47.39999999999944,"[6, 6]","[0, 0]","[0, 0]",23
8,"[2, 1]",48.49999999999938,"[7, 7]","[0, 0]","[0, 0]",23
9,"[2, 1]",56.59999999999892,"[8, 14]","[2.799999999999998, 0]","[2.799999999999998, 0]",23
10,"[2, 1]",61.59999999999864,"[9, 15]","[0, 0]","[0, 0]",23
11,"[2, 1]",66.59999999999836,"[10, 16]","[0, 0]","[0, 0]",23
12,"[2, 3]",96.64999999999664,"[11, -999]","[11.400000000000027, 0]","[0, 0]",23
13,"[2, 1]",69.09999999999822,"[12, 17]","[20.200000000000152, 0]","[0, 0]",23
14,"[0, 1]",67.6999999999983,"[-999, 8]","[0, 0]","[0, 0]",23
15,"[0, 1]",74.24999999999793,"[14, 9]","[0.39999999999999997, 0]","[0.39999999999999997, 0]",23
16,"[0, 1]",80.74999999999756,"[15, 10]","[2.6999999999999984, 0]","[2.6999999999999984, 0]",23
17,"[0, 1]",85.84999999999727,"[16, 11]","[2.6499999999999986, 0]","[2.6499999999999986, 0]",23
18,"[0, 3]",116.54999999999552,"[17, 12]","[2.849999999999998, 0]","[2.849999999999998, 0]",23
19,"[2, 1]",83.09999999999742,"[13, 21]","[24.600000000000215, 0]","[6.749999999999984, 0]",23
20,"[0, 1]",89.24999999999707,"[18, 13]","[0, 0]","[0, 0]",23
21,"[0, 1]",89.34999999999707,"[20, 20]","[0, 0]","[0, 0]",23
22,"[0, 1]",96.59999999999664,"[21, 19]","[1.0500000000000003, 0]","[1.0500000000000003, 0]",23
23,"[0, 1]",96.09999999999668,"[22, 22]","[0, 0]","[0, 0]",23
24,"[0, 1]",96.59999999999664,"[23, 23]","[0, 0]","[0, 0]",23
25,"[0, 1]",102.44999999999632,"[24, 32]","[2.4499999999999993, 0]","[2.4499999999999993, 0]",23
26,"[0, 1]",108.84999999999596,"[25, 34]","[1.800000000000001, 0]","[1.800000000000001, 0]",23
27,"[0, 1]",113.99999999999568,"[26, 41]","[2.2, 0]","[2.2, 0]",23
28,"[0, 1]",113.3499999999957,"[27, 27]","[0, 0]","[0, 0]",23
29,"[2, 3]",113.09999999999572,"[19, 18]","[16.200000000000095, 0]","[0, 0]",23
30,"[0, 1]",113.89999999999569,"[28, 28]","[0, 0]","[0, 0]",23
31,"[0, 1]",119.74999999999534,"[30, 43]","[2.3999999999999995, 0]","[2.3999999999999995, 0]",23
32,"[2, 1]",95.19999999999672,"[29, 24]","[17.650000000000116, 0]","[2.9999999999999973, 0]",23
33,"[0, 1]",126.04999999999498,"[31, 47]","[2.499999999999999, 0]","[2.499999999999999, 0]",23
34,"[2, 1]",100.09999999999646,"[32, 25]","[13.200000000000053, 0]","[0, 0]",23
35,"[0, 1]",125.449999999995,"[33, 33]","[0, 0]","[0, 0]",23
36,"[0, 1]",132.24999999999582,"[35, 54]","[2.799999999999998, 0]","[2.799999999999998, 0]",23
37,"[0, 1]",137.449999999997,"[36, 55]","[2.25, 0]","[2.25, 0]",23
38,"[0, 1]",136.84999999999687,"[37, 37]","[0, 0]","[0, 0]",23
39,"[0, 3]",166.80000000000368,"[38, 56]","[0, 0]","[0, 0]",23
40,"[0, 1]",138.39999999999722,"[39, 62]","[0.2, 0]","[0, 0]",23
41,"[2, 1]",105.39999999999615,"[34, 26]","[11.800000000000033, 0]","[0, 0]",23
42,"[2, 3]",136.44999999999678,"[41, 29]","[10.300000000000011, 0]","[0, 0]",23
43,"[2, 1]",118.09999999999545,"[42, 30]","[10.750000000000018, 0]","[1.900000000000001, 0]",23
44,"[0, 1]",139.49999999999747,"[40, 40]","[1.1000000000000003, 0]","[0, 0]",23
45,"[0, 3]",173.0500000000051,"[44, 78]","[1.5500000000000007, 0]","[0, 0]",23
46,"[0, 1]",143.5999999999984,"[45, 44]","[1.900000000000001, 0]","[0, 0]",23
47,"[2, 1]",123.04999999999517,"[43, 31]","[7.4499999999999815, 0]","[0, 0]",23
48,"[0, 1]",144.69999999999865,"[46, 46]","[2.1500000000000004, 0]","[0, 0]",23
49,"[0, 1]",145.84999999999891,"[48, 48]","[2.3999999999999995, 0]","[0, 0]",23
50,"[2, 3]",153.15000000000057,"[47, 42]","[7.94999999999998, 0]","[0, 0]",23
51,"[0, 1]",146.84999999999914,"[49, 49]","[2.6999999999999984, 0]","[0, 0]",23
52,"[0, 1]",147.84999999999937,"[51, 51]","[3.699999999999995, 0]","[0, 0]",23
53,"[0, 3]",178.8000000000064,"[52, 45]","[4.149999999999993, 0]","[0, 0]",23
54,"[2, 1]",128.699999999995,"[50, 35]","[8.249999999999982, 0]","[0, 0]",23
55,"[2, 1]",135.29999999999652,"[54, 36]","[10.050000000000008, 0]","[0, 0]",23
56,"[2, 3]",165.70000000000343,"[55, 50]","[12.800000000000047, 0]","[0, 0]",23
57,"[0, 1]",151.5500000000002,"[53, 52]","[4.699999999999991, 0]","[0, 0]",23
58,"[0, 1]",152.65000000000046,"[57, 57]","[5.549999999999988, 0]","[0, 0]",23
59,"[0, 1]",153.7000000000007,"[58, 58]","[5.949999999999987, 0]","[0, 0]",23
60,"[0, 1]",154.70000000000093,"[59, 59]","[6.949999999999983, 0]","[0, 0]",23
61,"[0, 1]",155.60000000000113,"[60, 60]","[7.549999999999981, 0]","[0, 0]",23
62,"[2, 1]",141.29999999999788,"[56, 38]","[17.25000000000011, 0]","[0, 0]",23
63,"[0, 1]",156.45000000000132,"[61, 61]","[7.599999999999981, 0]","[0, 0]",23
64,"[0, 1]",157.10000000000147,"[63, 63]","[6.999999999999983, 0]","[0, 0]",23
65,"[2, 3]",174.15000000000535,"[62, 39]","[19.200000000000138, 0]","[0, 0]",23
66,"[0, 3]",181.7000000000071,"[64, 53]","[5.899999999999987, 0]","[0, 0]",23
67,"[0, 1]",148.94999999999962,"[66, 64]","[5.4999999999999885, 0]","[0, 0]",23
68,"[0, 1]",148.74999999999957,"[67, 67]","[5.649999999999988, 0]","[0, 0]",23
69,"[0, 1]",147.0499999999992,"[68, 68]","[5.799999999999987, 0]","[0, 0]",23
70,"[0, 1]",146.94999999999916,"[69, 69]","[5.699999999999988, 0]","[0, 0]",23
71,"[0, 1]",141.24999999999787,"[70, 70]","[5.399999999999989, 0]","[0, 0]",23
72,"[0, 1]",139.04999999999737,"[71, 71]","[5.899999999999987, 0]","[0, 0]",23
73,"[0, 1]",136.9999999999969,"[72, 72]","[5.14999999999999, 0]","[0, 0]",23
74,"[0, 1]",129.19999999999513,"[73, 73]","[2.499999999999999, 0]","[0, 0]",23
75,"[0, 1]",129.9499999999953,"[74, 74]","[2.7499999999999982, 0]","[0, 0]",23
76,"[0, 3]",160.7500000000023,"[75, -999]","[3.2499999999999964, 0]","[0, 0]",23
77,"[0, 1]",133.34999999999607,"[76, 75]","[3.999999999999994, 0]","[0, 0]",23
78,"[2, 3]",176.6000000000059,"[65, 65]","[20.250000000000153, 0]","[0, 0]",23
79,"[0, 3]",164.35000000000312,"[77, 76]","[4.099999999999993, 0]","[0, 0]",23
0,"[0, 1]",73.89999999999795,"[-999, 7]","[0, 0]","[2.3, 0]",24
1,"[2, 1]",36.40000000000007,"[-999, -999]","[0, 0]","[0, 0]",24
2,"[2, 1]",38.09999999999997,"[1, 1]","[0, 0]","[0, 0]",24
3,"[2, 1]",39.89999999999987,"[2, 2]","[0, 0]","[0, 0]",24
4,"[2, 1]",41.79999999999976,"[3, 3]","[0, 0]","[0, 0]",24
5,"[2, 1]",43.54999999999966,"[4, 4]","[0, 0]","[0, 0]",24
6,"[2, 1]",45.04999999999958,"[5, 5]","[0, 0]","[0, 0]",24
7,"[2, 1]",46.349999999999504,"[6, 6]","[0, 0]","[0, 0]",24
8,"[2, 1]",52.54999999999915,"[7, 0]","[1.3500000000000005, 0]","[1.3500000000000005, 0]",24
9,"[2, 1]",52.79999999999914,"[8, 8]","[3.2499999999999964, 0]","[3.2499999999999964, 0]",24
10,"[2, 1]",59.39999999999876,"[9, 14]","[6.949999999999983, 0]","[2.2, 0]",24
11,"[2, 1]",64.59999999999847,"[10, 15]","[13.450000000000056, 0]","[1.1500000000000004, 0]",24
12,"[2, 3]",95.04999999999674,"[11, -999]","[18.500000000000128, 0]","[0.05, 0]",24
13,"[2, 1]",77.29999999999775,"[12, 20]","[20.550000000000157, 0]","[2.0500000000000007, 0]",24
14,"[0, 1]",72.949999999998,"[0, 9]","[2.6499999999999986, 0]","[2.6499999999999986, 0]",24
15,"[0, 1]",80.14999999999759,"[14, 10]","[2.3499999999999996, 0]","[2.3499999999999996, 0]",24
16,"[0, 1]",85.2999999999973,"[15, 11]","[2.3999999999999995, 0]","[2.3999999999999995, 0]",24
17,"[0, 1]",84.69999999999733,"[16, 16]","[0, 0]","[0, 0]",24
18,"[2, 3]",106.2999999999961,"[13, 12]","[16.100000000000094, 0]","[0, 0]",24
19,"[2, 1]",83.29999999999741,"[18, 23]","[14.500000000000071, 0]","[0, 0]",24
20,"[0, 1]",85.2999999999973,"[17, 17]","[0, 0]","[0, 0]",24
21,"[0, 1]",91.14999999999696,"[20, 13]","[2.4499999999999993, 0]","[2.4499999999999993, 0]",24
22,"[2, 1]",94.49999999999676,"[19, 25]","[16.400000000000098, 0]","[3.349999999999996, 0]",24
23,"[0, 1]",91.54999999999694,"[21, 21]","[0, 0]","[0, 0]",24
24,"[0, 1]",96.89999999999664,"[23, 19]","[2.499999999999999, 0]","[2.499999999999999, 0]",24
25,"[0, 1]",97.3499999999966,"[24, 24]","[0, 0]","[0, 0]",24
26,"[0, 1]",104.5499999999962,"[25, 22]","[1.0500000000000003, 0]","[1.0500000000000003, 0]",24
27,"[0, 1]",109.54999999999592,"[26, 30]","[2.5999999999999988, 0]","[2.5999999999999988, 0]",24
28,"[0, 1]",114.54999999999563,"[27, 34]","[2.549999999999999, 0]","[2.549999999999999, 0]",24
29,"[0, 3]",142.89999999999824,"[28, -999]","[0, 0]","[0, 0]",24
30,"[2, 1]",99.2499999999965,"[22, 26]","[11.700000000000031, 0]","[0, 0]",24
31,"[0, 1]",114.8999999999956,"[29, 35]","[0, 0]","[0, 0]",24
32,"[0, 1]",115.99999999999557,"[31, 31]","[0.65, 0]","[0, 0]",24
33,"[0, 1]",121.64999999999525,"[32, 41]","[3.599999999999995, 0]","[2.499999999999999, 0]",24
34,"[2, 1]",104.6999999999962,"[30, 27]","[10.25000000000001, 0]","[0, 0]",24
35,"[2, 1]",110.09999999999587,"[34, 28]","[9.850000000000005, 0]","[0, 0]",24
36,"[2, 3]",142.2999999999981,"[35, 29]","[9.950000000000006, 0]","[0, 0]",24
37,"[0, 1]",122.0999999999952,"[33, 33]","[1.5500000000000007, 0]","[0, 0]",24
38,"[0, 1]",127.3999999999949,"[37, 47]","[4.3499999999999925, 0]","[2.4499999999999993, 0]",24
39,"[0, 1]",127.94999999999489,"[38, 38]","[2.25, 0]","[0, 0]",24
40,"[0, 1]",128.84999999999505,"[39, 39]","[2.549999999999999, 0]","[0, 0]",24
41,"[2, 1]",118.6999999999954,"[36, 32]","[9.199999999999996, 0]","[0, 0]",24
42,"[2, 3]",148.34999999999948,"[41, 36]","[8.14999999999998, 0]","[0, 0]",24
43,"[0, 1]",129.8999999999953,"[40, 40]","[2.849999999999998, 0]","[0, 0]",24
44,"[0, 1]",130.8499999999955,"[43, 43]","[3.099999999999997, 0]","[0, 0]",24
45,"[0, 3]",162.0000000000026,"[44, 62]","[3.349999999999996, 0]","[0, 0]",24
46,"[0, 1]",133.54999999999612,"[45, 65]","[3.599999999999995, 0]","[0, 0]",24
47,"[2, 1]",124.94999999999504,"[42, 37]","[6.799999999999984, 0]","[0, 0]",24
48,"[0, 1]",134.59999999999636,"[46, 46]","[3.7999999999999945, 0]","[0, 0]",24
49,"[2, 3]",155.000000000001,"[47, 42]","[6.649999999999984, 0]","[0, 0]",24
50,"[0, 3]",165.65000000000342,"[48, 45]","[3.999999999999994, 0]","[0, 0]",24
51,"[0, 1]",138.2499999999972,"[50, 48]","[4.149999999999993, 0]","[0, 0]",24
52,"[0, 1]",139.34999999999744,"[51, 51]","[4.299999999999993, 0]","[0, 0]",24
53,"[2, 3]",158.25000000000173,"[49, 49]","[7.699999999999981, 0]","[0, 0]",24
54,"[0, 3]",170.50000000000452,"[52, 50]","[4.449999999999992, 0]","[0, 0]",24
55,"[2, 3]",160.7500000000023,"[53, 53]","[11.400000000000027, 0]","[0, 0]",24
56,"[0, 1]",143.1999999999983,"[54, 52]","[4.549999999999992, 0]","[0, 0]",24
57,"[0, 1]",144.29999999999856,"[56, 56]","[4.599999999999992, 0]","[0, 0]",24
58,"[0, 1]",145.3999999999988,"[57, 57]","[4.599999999999992, 0]","[0, 0]",24
59,"[0, 1]",146.49999999999906,"[58, 58]","[4.699999999999991, 0]","[0, 0]",24
60,"[0, 1]",147.44999999999928,"[59, 59]","[4.849999999999991, 0]","[0, 0]",24
61,"[0, 1]",148.34999999999948,"[60, 60]","[5.09999999999999, 0]","[0, 0]",24
62,"[2, 3]",163.20000000000286,"[55, 55]","[13.75000000000006, 0]","[0, 0]",24
63,"[0, 1]",148.7999999999996,"[61, 61]","[5.999999999999987, 0]","[0, 0]",24
64,"[0, 1]",148.69999999999956,"[63, 63]","[5.299999999999989, 0]","[0, 0]",24
65,"[2, 1]",135.14999999999648,"[62, 44]","[15.450000000000085, 0]","[0, 0]",24
66,"[0, 3]",169.25000000000423,"[64, 54]","[1.2500000000000004, 0]","[0, 0]",24
67,"[0, 1]",139.09999999999738,"[66, 64]","[1.3500000000000005, 0]","[0, 0]",24
68,"[0, 1]",138.3499999999972,"[67, 67]","[1.800000000000001, 0]","[0, 0]",24
69,"[0, 1]",136.79999999999686,"[68, 68]","[2.25, 0]","[0, 0]",24
70,"[0, 1]",137.19999999999695,"[69, 69]","[2.0500000000000007, 0]","[0, 0]",24
71,"[0, 1]",137.79999999999708,"[70, 70]","[1.2000000000000004, 0]","[0, 0]",24
72,"[0, 1]",132.94999999999598,"[71, 71]","[0.44999999999999996, 0]","[0, 0]",24
73,"[0, 1]",133.24999999999605,"[72, 72]","[0, 0]","[0, 0]",24
74,"[0, 1]",129.24999999999514,"[73, 73]","[0, 0]","[0, 0]",24
75,"[0, 1]",129.74999999999525,"[74, 74]","[0, 0]","[0, 0]",24
76,"[0, 1]",130.59999999999545,"[75, 75]","[0, 0]","[0, 0]",24
77,"[0, 1]",131.49999999999565,"[76, 76]","[1.2500000000000004, 0]","[0, 0]",24
78,"[0, 1]",132.24999999999582,"[77, 77]","[1.4000000000000006, 0]","[0, 0]",24
79,"[0, 1]",126.64999999999496,"[78, 78]","[0, 0]","[0, 0]",24
0,"[2, 1]",36.40000000000007,"[-999, -999]","[0, 0]","[0, 0]",25
1,"[2, 1]",38.09999999999997,"[0, 0]","[0, 0]","[0, 0]",25
2,"[2, 1]",39.89999999999987,"[1, 1]","[0, 0]","[0, 0]",25
3,"[2, 1]",41.79999999999976,"[2, 2]","[0, 0]","[0, 0]",25
4,"[0, 1]",72.39999999999803,"[-999, 8]","[0, 0]","[2.499999999999999, 0]",25
5,"[2, 1]",43.54999999999966,"[3, 3]","[0, 0]","[0, 0]",25
6,"[2, 1]",45.099999999999575,"[5, 5]","[0, 0]","[0, 0]",25
7,"[2, 1]",46.349999999999504,"[6, 6]","[0, 0]","[0, 0]",25
8,"[2, 1]",47.39999999999944,"[7, 7]","[0, 0]","[0, 0]",25
9,"[2, 1]",54.049999999999066,"[8, 4]","[3.149999999999997, 0]","[3.149999999999997, 0]",25
10,"[2, 1]",69.54999999999819,"[9, 15]","[9.399999999999999, 0]","[9.399999999999999, 0]",25
11,"[2, 1]",74.49999999999791,"[10, 16]","[0, 0]","[0, 0]",25
12,"[0, 1]",74.6999999999979,"[4, 9]","[1.4000000000000006, 0]","[1.4000000000000006, 0]",25
13,"[2, 1]",79.69999999999762,"[11, 17]","[0, 0]","[0, 0]",25
14,"[0, 1]",74.7999999999979,"[12, 12]","[0, 0]","[0, 0]",25
15,"[0, 1]",75.64999999999785,"[14, 14]","[0, 0]","[0, 0]",25
16,"[0, 1]",81.59999999999751,"[15, 10]","[2.3999999999999995, 0]","[2.3999999999999995, 0]",25
17,"[0, 1]",87.94999999999715,"[16, 11]","[1.950000000000001, 0]","[1.950000000000001, 0]",25
18,"[2, 3]",109.74999999999592,"[13, -999]","[24.550000000000214, 0]","[0, 0]",25
19,"[2, 1]",85.74999999999727,"[18, 21]","[33.20000000000025, 0]","[0, 0]",25
20,"[0, 1]",92.99999999999686,"[17, 13]","[2.6499999999999986, 0]","[2.6499999999999986, 0]",25
21,"[0, 1]",92.3999999999969,"[20, 20]","[0, 0]","[0, 0]",25
22,"[0, 1]",98.29999999999656,"[21, 19]","[2.9999999999999973, 0]","[2.9999999999999973, 0]",25
23,"[0, 1]",98.34999999999656,"[22, 22]","[0, 0]","[0, 0]",25
24,"[0, 1]",99.14999999999652,"[23, 23]","[0, 0]","[0, 0]",25
25,"[0, 1]",104.4999999999962,"[24, 30]","[2.499999999999999, 0]","[2.499999999999999, 0]",25
26,"[0, 1]",104.99999999999618,"[25, 25]","[0, 0]","[0, 0]",25
27,"[2, 3]",116.64999999999552,"[19, 18]","[30.850000000000303, 0]","[0, 0]",25
28,"[0, 1]",110.29999999999588,"[26, 35]","[2.4499999999999993, 0]","[2.4499999999999993, 0]",25
29,"[2, 3]",119.79999999999534,"[27, 27]","[29.20000000000028, 0]","[0, 0]",25
30,"[2, 1]",94.49999999999676,"[29, 24]","[27.650000000000258, 0]","[0, 0]",25
31,"[0, 1]",110.79999999999583,"[28, 28]","[0, 0]","[0, 0]",25
32,"[0, 1]",116.59999999999552,"[31, 48]","[2.4499999999999993, 0]","[2.4499999999999993, 0]",25
33,"[2, 3]",124.74999999999504,"[30, 29]","[26.200000000000237, 0]","[0, 0]",25
34,"[0, 1]",116.9999999999955,"[32, 32]","[0, 0]","[0, 0]",25
35,"[2, 1]",101.1999999999964,"[33, 26]","[24.750000000000217, 0]","[0, 0]",25
36,"[0, 1]",122.3499999999952,"[34, 51]","[2.499999999999999, 0]","[2.499999999999999, 0]",25
37,"[0, 1]",122.74999999999515,"[36, 36]","[0, 0]","[0, 0]",25
38,"[0, 3]",153.10000000000056,"[37, 53]","[0, 0]","[0, 0]",25
39,"[0, 3]",155.30000000000106,"[38, 38]","[0, 0]","[0, 0]",25
40,"[0, 1]",125.699999999995,"[39, 78]","[0, 0]","[0, 0]",25
41,"[0, 1]",126.79999999999494,"[40, 40]","[0, 0]","[0, 0]",25
42,"[0, 3]",157.90000000000165,"[41, 39]","[0, 0]","[0, 0]",25
43,"[0, 1]",130.59999999999545,"[42, 41]","[0, 0]","[0, 0]",25
44,"[0, 1]",131.6999999999957,"[43, 43]","[0, 0]","[0, 0]",25
45,"[0, 1]",132.79999999999595,"[44, 44]","[0, 0]","[0, 0]",25
46,"[0, 1]",133.8499999999962,"[45, 45]","[0, 0]","[0, 0]",25
47,"[0, 1]",134.89999999999642,"[46, 46]","[0, 0]","[0, 0]",25
48,"[2, 1]",112.64999999999574,"[35, 31]","[25.950000000000234, 0]","[2.6499999999999986, 0]",25
49,"[0, 1]",135.89999999999665,"[47, 47]","[0.8500000000000002, 0]","[0, 0]",25
50,"[2, 3]",141.54999999999794,"[48, 33]","[21.850000000000176, 0]","[0, 0]",25
51,"[2, 1]",118.7499999999954,"[50, 34]","[20.400000000000155, 0]","[0, 0]",25
52,"[0, 1]",136.9499999999969,"[49, 49]","[0.9500000000000003, 0]","[0, 0]",25
53,"[2, 3]",149.09999999999965,"[51, 50]","[18.950000000000134, 0]","[0, 0]",25
54,"[0, 3]",168.00000000000395,"[52, 42]","[0.8500000000000002, 0]","[0, 0]",25
55,"[0, 1]",140.74999999999775,"[54, 52]","[1.1000000000000003, 0]","[0, 0]",25
56,"[0, 1]",141.849999999998,"[55, 55]","[1.3000000000000005, 0]","[0, 0]",25
57,"[0, 1]",142.94999999999823,"[56, 56]","[1.950000000000001, 0]","[0, 0]",25
58,"[2, 1]",124.94999999999504,"[53, 37]","[17.550000000000114, 0]","[0, 0]",25
59,"[0, 1]",143.79999999999845,"[57, 57]","[3.049999999999997, 0]","[0, 0]",25
60,"[0, 1]",143.2999999999983,"[59, 59]","[3.4999999999999956, 0]","[0, 0]",25
61,"[0, 1]",143.04999999999828,"[60, 60]","[3.4499999999999957, 0]","[0, 0]",25
62,"[0, 3]",173.5500000000052,"[61, 54]","[2.6499999999999986, 0]","[0, 0]",25
63,"[0, 1]",140.34999999999766,"[62, 61]","[2.2, 0]","[0, 0]",25
64,"[0, 1]",140.8999999999978,"[63, 63]","[1.3500000000000005, 0]","[0, 0]",25
65,"[0, 3]",166.60000000000363,"[64, 62]","[1.2000000000000004, 0]","[0, 0]",25
66,"[0, 1]",138.6999999999973,"[65, 64]","[0.25, 0]","[0, 0]",25
67,"[0, 1]",134.04999999999623,"[66, 66]","[0, 0]","[0, 0]",25
68,"[0, 1]",134.44999999999632,"[67, 67]","[0, 0]","[0, 0]",25
69,"[0, 1]",134.64999999999637,"[68, 68]","[0, 0]","[0, 0]",25
70,"[0, 1]",134.09999999999624,"[69, 69]","[0, 0]","[0, 0]",25
71,"[0, 1]",133.24999999999605,"[70, 70]","[0, 0]","[0, 0]",25
72,"[0, 1]",132.49999999999588,"[71, 71]","[0, 0]","[0, 0]",25
73,"[0, 1]",129.9499999999953,"[72, 72]","[0, 0]","[0, 0]",25
74,"[0, 3]",159.55000000000203,"[73, 65]","[0, 0]","[0, 0]",25
75,"[0, 1]",131.79999999999572,"[74, 73]","[0, 0]","[0, 0]",25
76,"[0, 3]",162.80000000000277,"[75, 74]","[0, 0]","[0, 0]",25
77,"[0, 1]",134.8499999999964,"[76, 75]","[0, 0]","[0, 0]",25
78,"[2, 1]",125.29999999999502,"[58, 58]","[17.750000000000117, 0]","[0, 0]",25
79,"[0, 1]",135.59999999999658,"[77, 77]","[0, 0]","[0, 0]",25
0,"[2, 1]",36.40000000000007,"[-999, -999]","[0, 0]","[0, 0]",26
1,"[2, 1]",38.09999999999997,"[0, 0]","[0, 0]","[0, 0]",26
2,"[2, 1]",39.89999999999987,"[1, 1]","[0, 0]","[0, 0]",26
3,"[2, 1]",41.79999999999976,"[2, 2]","[0, 0]","[0, 0]",26
4,"[2, 1]",43.54999999999966,"[3, 3]","[0, 0]","[0, 0]",26
5,"[2, 1]",45.04999999999958,"[4, 4]","[0, 0]","[0, 0]",26
6,"[2, 1]",46.349999999999504,"[5, 5]","[0, 0]","[0, 0]",26
7,"[2, 1]",47.39999999999944,"[6, 6]","[0, 0]","[0, 0]",26
8,"[2, 1]",48.49999999999938,"[7, 7]","[0, 0]","[0, 0]",26
9,"[2, 1]",50.14999999999929,"[8, 8]","[0, 0]","[0, 0]",26
10,"[2, 1]",63.14999999999855,"[9, 16]","[2.7499999999999982, 0]","[2.7499999999999982, 0]",26
11,"[2, 1]",68.04999999999828,"[10, 17]","[0, 0]","[0, 0]",26
12,"[2, 1]",74.04999999999794,"[11, 20]","[15.400000000000084, 0]","[0, 0]",26
13,"[2, 1]",84.99999999999731,"[12, 23]","[23.4500000000002, 0]","[2.3499999999999996, 0]",26
14,"[2, 1]",89.99999999999703,"[13, 24]","[18.75000000000013, 0]","[0, 0]",26
15,"[0, 1]",72.64999999999802,"[-999, 9]","[0, 0]","[2.7499999999999982, 0]",26
16,"[0, 1]",73.74999999999795,"[15, 15]","[0, 0]","[0, 0]",26
17,"[0, 1]",79.74999999999761,"[16, 10]","[2.499999999999999, 0]","[2.499999999999999, 0]",26
18,"[0, 3]",107.49999999999604,"[17, -999]","[0, 0]","[0, 0]",26
19,"[2, 3]",120.64999999999527,"[14, 18]","[17.050000000000107, 0]","[0, 0]",26
20,"[0, 1]",80.69999999999756,"[18, 11]","[0, 0]","[0, 0]",26
21,"[0, 1]",87.69999999999716,"[20, 12]","[2.25, 0]","[2.25, 0]",26
22,"[2, 1]",102.59999999999631,"[19, 28]","[17.750000000000117, 0]","[2.25, 0]",26
23,"[0, 1]",87.0999999999972,"[21, 21]","[0, 0]","[0, 0]",26
24,"[0, 1]",92.44999999999688,"[23, 13]","[2.4499999999999993, 0]","[2.4499999999999993, 0]",26
25,"[2, 3]",131.44999999999564,"[22, 19]","[14.000000000000064, 0]","[0, 0]",26
26,"[0, 1]",98.99999999999652,"[24, 14]","[1.850000000000001, 0]","[1.850000000000001, 0]",26
27,"[0, 1]",98.39999999999657,"[26, 26]","[0, 0]","[0, 0]",26
28,"[0, 1]",98.99999999999652,"[27, 27]","[0, 0]","[0, 0]",26
29,"[0, 1]",104.89999999999618,"[28, 22]","[2.549999999999999, 0]","[2.549999999999999, 0]",26
30,"[2, 1]",108.49999999999598,"[25, 31]","[12.550000000000043, 0]","[0, 0]",26
31,"[0, 1]",105.24999999999616,"[29, 29]","[0, 0]","[0, 0]",26
32,"[2, 1]",108.69999999999597,"[30, 30]","[11.750000000000032, 0]","[0, 0]",26
33,"[0, 3]",135.79999999999663,"[31, 25]","[0, 0]","[0, 0]",26
34,"[2, 1]",121.54999999999524,"[32, 36]","[14.650000000000073, 0]","[2.6999999999999984, 0]",26
35,"[0, 1]",113.24999999999572,"[33, 32]","[3.149999999999997, 0]","[3.149999999999997, 0]",26
36,"[0, 1]",112.69999999999574,"[35, 35]","[0, 0]","[0, 0]",26
37,"[0, 1]",118.24999999999542,"[36, 34]","[2.499999999999999, 0]","[2.499999999999999, 0]",26
38,"[2, 1]",132.0999999999958,"[34, 39]","[15.500000000000085, 0]","[2.9999999999999973, 0]",26
39,"[0, 1]",118.5499999999954,"[37, 37]","[0, 0]","[0, 0]",26
40,"[0, 1]",124.34999999999508,"[39, 38]","[2.549999999999999, 0]","[2.549999999999999, 0]",26
41,"[2, 1]",136.9999999999969,"[38, 40]","[12.30000000000004, 0]","[0, 0]",26
42,"[0, 3]",154.30000000000084,"[40, 33]","[0, 0]","[0, 0]",26
43,"[0, 1]",125.849999999995,"[42, 41]","[0, 0]","[0, 0]",26
44,"[0, 1]",126.69999999999494,"[43, 43]","[0.8500000000000002, 0]","[0, 0]",26
45,"[2, 1]",149.14999999999966,"[41, 44]","[25.250000000000224, 0]","[6.749999999999984, 0]",26
46,"[0, 1]",134.09999999999624,"[44, 45]","[2.3, 0]","[1.0500000000000003, 0]",26
47,"[0, 1]",133.4499999999961,"[46, 46]","[1.5500000000000007, 0]","[0, 0]",26
48,"[0, 3]",163.75000000000298,"[47, 42]","[1.900000000000001, 0]","[0, 0]",26
49,"[2, 1]",159.75000000000207,"[45, 47]","[23.4500000000002, 0]","[2.9499999999999975, 0]",26
50,"[2, 1]",159.35000000000198,"[49, 49]","[20.75000000000016, 0]","[0, 0]",26
51,"[2, 1]",177.70000000000616,"[50, 56]","[27.05000000000025, 0]","[6.549999999999985, 0]",26
52,"[0, 1]",140.8999999999978,"[48, 50]","[5.04999999999999, 0]","[2.9499999999999975, 0]",26
53,"[2, 1]",182.65000000000728,"[51, 58]","[21.600000000000172, 0]","[0, 0]",26
54,"[0, 1]",141.14999999999785,"[52, 52]","[2.3999999999999995, 0]","[0, 0]",26
55,"[2, 3]",212.7000000000141,"[53, 48]","[24.450000000000212, 0]","[0, 0]",26
56,"[0, 1]",142.09999999999806,"[54, 54]","[2.549999999999999, 0]","[0, 0]",26
57,"[2, 3]",216.1500000000149,"[55, 55]","[29.30000000000028, 0]","[0, 0]",26
58,"[0, 1]",148.14999999999944,"[56, 51]","[5.349999999999989, 0]","[2.549999999999999, 0]",26
59,"[0, 1]",154.30000000000084,"[58, 53]","[5.399999999999989, 0]","[2.4499999999999993, 0]",26
60,"[2, 1]",190.200000000009,"[57, 63]","[33.40000000000024, 0]","[0, 0]",26
61,"[0, 1]",153.6500000000007,"[59, 59]","[3.149999999999997, 0]","[0, 0]",26
62,"[2, 1]",196.00000000001032,"[60, 64]","[37.74999999999999, 0]","[0, 0]",26
63,"[0, 1]",154.30000000000084,"[61, 61]","[3.349999999999996, 0]","[0, 0]",26
64,"[0, 1]",159.55000000000203,"[63, 60]","[5.949999999999987, 0]","[2.4499999999999993, 0]",26
65,"[0, 1]",165.85000000000346,"[64, 62]","[7.249999999999982, 0]","[2.6999999999999984, 0]",26
66,"[0, 1]",165.2000000000033,"[65, 65]","[5.799999999999987, 0]","[0, 0]",26
67,"[0, 1]",165.70000000000343,"[66, 66]","[6.849999999999984, 0]","[0, 0]",26
68,"[0, 1]",165.80000000000345,"[67, 67]","[7.599999999999981, 0]","[0, 0]",26
69,"[0, 1]",165.1000000000033,"[68, 68]","[8.249999999999982, 0]","[0, 0]",26
70,"[0, 1]",164.7000000000032,"[69, 69]","[9.099999999999994, 0]","[0, 0]",26
71,"[0, 1]",161.1500000000024,"[70, 70]","[10.000000000000007, 0]","[0, 0]",26
72,"[0, 1]",161.75000000000253,"[71, 71]","[11.050000000000022, 0]","[0, 0]",26
73,"[0, 1]",161.50000000000247,"[72, 72]","[11.65000000000003, 0]","[0, 0]",26
74,"[0, 1]",160.00000000000213,"[73, 73]","[12.050000000000036, 0]","[0, 0]",26
75,"[0, 1]",159.30000000000197,"[74, 74]","[10.350000000000012, 0]","[0, 0]",26
76,"[2, 3]",225.95000000001716,"[62, 57]","[42.8499999999997, 0]","[0, 0]",26
77,"[0, 1]",148.74999999999957,"[75, 75]","[4.749999999999991, 0]","[0, 0]",26
78,"[0, 3]",179.2000000000065,"[77, -999]","[3.7499999999999947, 0]","[0, 0]",26
79,"[0, 1]",145.7999999999989,"[78, 77]","[3.099999999999997, 0]","[0, 0]",26
0,"[2, 3]",67.7499999999983,"[-999, -999]","[0, 0]","[0, 0]",27
1,"[2, 1]",37.15000000000003,"[0, -999]","[0, 0]","[0, 0]",27
2,"[2, 1]",38.89999999999993,"[1, 1]","[0, 0]","[0, 0]",27
3,"[2, 1]",40.74999999999982,"[2, 2]","[0, 0]","[0, 0]",27
4,"[0, 3]",96.64999999999664,"[-999, 0]","[0, 0]","[0, 0]",27
5,"[2, 1]",42.54999999999972,"[3, 3]","[0, 0]","[0, 0]",27
6,"[2, 1]",44.09999999999963,"[5, 5]","[0, 0]","[0, 0]",27
7,"[2, 1]",45.59999999999955,"[6, 6]","[0, 0]","[0, 0]",27
8,"[2, 1]",46.84999999999948,"[7, 7]","[0, 0]","[0, 0]",27
9,"[2, 1]",47.69999999999943,"[8, 8]","[0, 0]","[0, 0]",27
10,"[2, 1]",49.04999999999935,"[9, 9]","[0, 0]","[0, 0]",27
11,"[2, 1]",66.49999999999837,"[10, 16]","[6.499999999999985, 0]","[6.499999999999985, 0]",27
12,"[2, 1]",71.39999999999809,"[11, 17]","[0, 0]","[0, 0]",27
13,"[2, 1]",76.99999999999777,"[12, 20]","[18.150000000000123, 0]","[0, 0]",27
14,"[0, 1]",71.79999999999806,"[4, 10]","[0, 0]","[0, 0]",27
15,"[0, 1]",72.999999999998,"[14, 14]","[0, 0]","[0, 0]",27
16,"[0, 1]",74.09999999999793,"[15, 15]","[0, 0]","[0, 0]",27
17,"[0, 1]",80.14999999999759,"[16, 11]","[2.4499999999999993, 0]","[2.4499999999999993, 0]",27
18,"[2, 1]",88.19999999999713,"[13, 22]","[27.05000000000025, 0]","[2.4499999999999993, 0]",27
19,"[2, 1]",98.74999999999652,"[18, 24]","[24.95000000000022, 0]","[2.6999999999999984, 0]",27
20,"[0, 1]",85.44999999999729,"[17, 12]","[2.6499999999999986, 0]","[2.6499999999999986, 0]",27
21,"[0, 1]",91.29999999999696,"[20, 13]","[2.8999999999999977, 0]","[2.8999999999999977, 0]",27
22,"[0, 1]",90.99999999999696,"[21, 21]","[0, 0]","[0, 0]",27
23,"[0, 1]",96.74999999999665,"[22, 18]","[2.549999999999999, 0]","[2.549999999999999, 0]",27
24,"[0, 1]",96.99999999999665,"[23, 23]","[0, 0]","[0, 0]",27
25,"[0, 1]",102.7499999999963,"[24, 19]","[2.4499999999999993, 0]","[2.4499999999999993, 0]",27
26,"[0, 1]",108.79999999999596,"[25, 30]","[2.8999999999999977, 0]","[2.8999999999999977, 0]",27
27,"[0, 1]",114.44999999999564,"[26, 32]","[2.0500000000000007, 0]","[2.0500000000000007, 0]",27
28,"[0, 1]",113.89999999999569,"[27, 27]","[0, 0]","[0, 0]",27
29,"[0, 1]",114.49999999999564,"[28, 28]","[0, 0]","[0, 0]",27
30,"[2, 1]",103.64999999999624,"[19, 25]","[20.600000000000158, 0]","[0, 0]",27
31,"[0, 1]",119.99999999999532,"[29, 41]","[2.4499999999999993, 0]","[2.4499999999999993, 0]",27
32,"[2, 1]",109.19999999999594,"[30, 26]","[19.000000000000135, 0]","[0, 0]",27
33,"[0, 1]",126.49999999999496,"[31, 43]","[2.0500000000000007, 0]","[2.0500000000000007, 0]",27
34,"[2, 3]",140.5499999999977,"[32, -999]","[17.600000000000115, 0]","[0, 0]",27
35,"[0, 1]",125.899999999995,"[33, 33]","[0, 0]","[0, 0]",27
36,"[0, 1]",126.44999999999496,"[35, 35]","[0, 0]","[0, 0]",27
37,"[0, 1]",132.34999999999584,"[36, 51]","[2.3999999999999995, 0]","[2.3999999999999995, 0]",27
38,"[2, 3]",143.39999999999836,"[34, 34]","[16.100000000000094, 0]","[0, 0]",27
39,"[0, 1]",132.69999999999592,"[37, 37]","[0, 0]","[0, 0]",27
40,"[0, 1]",138.49999999999724,"[39, 54]","[2.549999999999999, 0]","[2.549999999999999, 0]",27
41,"[2, 1]",117.69999999999546,"[38, 29]","[14.750000000000075, 0]","[0, 0]",27
42,"[0, 1]",144.54999999999862,"[40, 55]","[2.799999999999998, 0]","[2.799999999999998, 0]",27
43,"[2, 1]",123.04999999999517,"[41, 31]","[13.350000000000055, 0]","[0, 0]",27
44,"[0, 1]",143.94999999999848,"[42, 42]","[0, 0]","[0, 0]",27
45,"[2, 3]",153.40000000000063,"[43, 38]","[13.600000000000058, 0]","[0, 0]",27
46,"[0, 1]",144.59999999999863,"[44, 44]","[0, 0]","[0, 0]",27
47,"[0, 1]",150.39999999999995,"[46, 60]","[2.3999999999999995, 0]","[2.3999999999999995, 0]",27
48,"[0, 3]",180.3500000000068,"[47, 58]","[0, 0]","[0, 0]",27
49,"[0, 3]",182.7500000000073,"[48, 48]","[0, 0]","[0, 0]",27
50,"[0, 3]",184.30000000000769,"[49, 49]","[0, 0]","[0, 0]",27
51,"[2, 1]",135.49999999999656,"[45, 36]","[17.15000000000011, 0]","[2.6499999999999986, 0]",27
52,"[0, 1]",155.30000000000106,"[50, 65]","[0, 0]","[0, 0]",27
53,"[0, 3]",187.1000000000083,"[52, 76]","[0, 0]","[0, 0]",27
54,"[2, 1]",146.04999999999896,"[51, 39]","[18.65000000000013, 0]","[2.6999999999999984, 0]",27
55,"[2, 1]",151.00000000000009,"[54, 40]","[16.000000000000092, 0]","[0, 0]",27
56,"[0, 1]",157.50000000000156,"[53, 52]","[0.6, 0]","[0, 0]",27
57,"[0, 1]",158.5500000000018,"[56, 56]","[0.8500000000000002, 0]","[0, 0]",27
58,"[2, 3]",181.7000000000071,"[55, 45]","[20.200000000000152, 0]","[0, 0]",27
59,"[0, 1]",159.60000000000204,"[57, 57]","[0.9500000000000003, 0]","[0, 0]",27
60,"[2, 1]",163.25000000000287,"[58, 46]","[25.400000000000226, 0]","[2.3, 0]",27
61,"[0, 1]",160.65000000000228,"[59, 59]","[1.900000000000001, 0]","[0, 0]",27
62,"[0, 3]",191.6000000000093,"[61, 78]","[2.499999999999999, 0]","[0, 0]",27
63,"[0, 1]",164.00000000000304,"[62, 61]","[2.9999999999999973, 0]","[0, 0]",27
64,"[0, 1]",164.50000000000315,"[63, 63]","[2.499999999999999, 0]","[0, 0]",27
65,"[2, 1]",168.200000000004,"[60, 47]","[23.6000000000002, 0]","[0, 0]",27
66,"[0, 1]",159.0000000000019,"[64, 64]","[2.2, 0]","[0, 0]",27
67,"[0, 1]",157.7000000000016,"[66, 66]","[2.5999999999999988, 0]","[0, 0]",27
68,"[0, 1]",154.6000000000009,"[67, 67]","[2.8999999999999977, 0]","[0, 0]",27
69,"[0, 1]",151.65000000000023,"[68, 68]","[3.4999999999999956, 0]","[0, 0]",27
70,"[0, 1]",151.9500000000003,"[69, 69]","[3.099999999999997, 0]","[0, 0]",27
71,"[0, 1]",146.59999999999908,"[70, 70]","[2.4499999999999993, 0]","[0, 0]",27
72,"[0, 1]",145.7999999999989,"[71, 71]","[2.5999999999999988, 0]","[0, 0]",27
73,"[0, 1]",143.1999999999983,"[72, 72]","[2.9499999999999975, 0]","[0, 0]",27
74,"[0, 1]",143.74999999999844,"[73, 73]","[1.900000000000001, 0]","[0, 0]",27
75,"[0, 1]",138.99999999999736,"[74, 74]","[1.7000000000000008, 0]","[0, 0]",27
76,"[2, 3]",211.0500000000137,"[65, 50]","[31.450000000000312, 0]","[6.5999999999999845, 0]",27
77,"[0, 1]",139.39999999999745,"[75, 75]","[0.7000000000000001, 0]","[0, 0]",27
78,"[2, 3]",217.7500000000153,"[76, 53]","[26.45000000000024, 0]","[0, 0]",27
79,"[0, 1]",134.64999999999637,"[77, 77]","[0.8500000000000002, 0]","[0, 0]",27
0,"[2, 3]",67.7499999999983,"[-999, -999]","[0, 0]","[0, 0]",28
1,"[2, 3]",70.84999999999812,"[0, 0]","[0, 0]","[0, 0]",28
2,"[2, 1]",37.55,"[1, -999]","[0, 0]","[0, 0]",28
3,"[2, 1]",39.49999999999989,"[2, 2]","[0, 0]","[0, 0]",28
4,"[2, 1]",41.44999999999978,"[3, 3]","[0, 0]","[0, 0]",28
5,"[2, 1]",43.29999999999968,"[4, 4]","[0, 0]","[0, 0]",28
6,"[2, 1]",44.79999999999959,"[5, 5]","[0, 0]","[0, 0]",28
7,"[2, 1]",46.19999999999951,"[6, 6]","[0, 0]","[0, 0]",28
8,"[2, 1]",47.24999999999945,"[7, 7]","[0, 0]","[0, 0]",28
9,"[2, 1]",48.39999999999939,"[8, 8]","[0, 0]","[0, 0]",28
10,"[2, 1]",64.99999999999845,"[9, 16]","[9.700000000000003, 0]","[9.700000000000003, 0]",28
11,"[2, 1]",70.19999999999816,"[10, 17]","[0, 0]","[0, 0]",28
12,"[0, 1]",73.79999999999795,"[-999, 9]","[0, 0]","[2.8999999999999977, 0]",28
13,"[2, 1]",70.84999999999812,"[11, 11]","[0, 0]","[0, 0]",28
14,"[2, 1]",89.79999999999704,"[13, 23]","[34.000000000000206, 0]","[9.900000000000006, 0]",28
15,"[0, 1]",73.94999999999794,"[12, 12]","[0, 0]","[0, 0]",28
16,"[0, 1]",74.6999999999979,"[15, 15]","[0, 0]","[0, 0]",28
17,"[0, 1]",81.39999999999752,"[16, 10]","[2.549999999999999, 0]","[2.549999999999999, 0]",28
18,"[0, 3]",110.74999999999584,"[17, -999]","[0, 0]","[0, 0]",28
19,"[0, 3]",113.14999999999571,"[18, 18]","[0, 0]","[0, 0]",28
20,"[2, 1]",94.2499999999968,"[14, 24]","[26.40000000000024, 0]","[0, 0]",28
21,"[0, 1]",84.44999999999735,"[19, 13]","[0, 0]","[0, 0]",28
22,"[0, 1]",85.39999999999729,"[21, 21]","[0, 0]","[0, 0]",28
23,"[0, 1]",86.39999999999723,"[22, 22]","[0, 0]","[0, 0]",28
24,"[0, 1]",93.34999999999684,"[23, 14]","[2.4499999999999993, 0]","[2.4499999999999993, 0]",28
25,"[0, 1]",98.39999999999657,"[24, 20]","[2.3999999999999995, 0]","[2.3999999999999995, 0]",28
26,"[0, 1]",97.7999999999966,"[25, 25]","[0, 0]","[0, 0]",28
27,"[0, 1]",98.44999999999656,"[26, 26]","[0, 0]","[0, 0]",28
28,"[0, 1]",105.24999999999616,"[27, 35]","[3.149999999999997, 0]","[3.149999999999997, 0]",28
29,"[2, 3]",124.69999999999506,"[20, 19]","[24.050000000000207, 0]","[0, 0]",28
30,"[0, 3]",133.79999999999615,"[28, 34]","[0, 0]","[0, 0]",28
31,"[0, 1]",105.59999999999614,"[30, 38]","[0, 0]","[0, 0]",28
32,"[0, 1]",106.74999999999608,"[31, 31]","[0, 0]","[0, 0]",28
33,"[0, 3]",137.79999999999708,"[32, 42]","[0, 0]","[0, 0]",28
34,"[2, 3]",128.09999999999488,"[29, 29]","[22.350000000000183, 0]","[0, 0]",28
35,"[2, 1]",101.94999999999636,"[34, 27]","[20.80000000000016, 0]","[0, 0]",28
36,"[0, 1]",113.89999999999569,"[33, 47]","[2.4499999999999993, 0]","[2.4499999999999993, 0]",28
37,"[0, 1]",114.54999999999563,"[36, 36]","[0, 0]","[0, 0]",28
38,"[2, 1]",107.899999999996,"[35, 28]","[19.30000000000014, 0]","[0, 0]",28
39,"[0, 1]",120.4499999999953,"[37, 50]","[2.4499999999999993, 0]","[2.4499999999999993, 0]",28
40,"[0, 1]",126.54999999999497,"[39, 54]","[2.5999999999999988, 0]","[2.5999999999999988, 0]",28
41,"[0, 1]",131.64999999999569,"[40, 58]","[2.3499999999999996, 0]","[2.3499999999999996, 0]",28
42,"[2, 3]",139.99999999999758,"[38, 30]","[17.85000000000012, 0]","[0, 0]",28
43,"[2, 1]",115.99999999999557,"[42, 32]","[17.25000000000011, 0]","[0, 0]",28
44,"[0, 1]",136.84999999999687,"[41, 65]","[2.25, 0]","[2.25, 0]",28
45,"[0, 3]",168.35000000000403,"[44, 66]","[2.3, 0]","[2.3, 0]",28
46,"[0, 1]",140.4499999999977,"[45, 79]","[1.4500000000000006, 0]","[0, 0]",28
47,"[2, 1]",116.14999999999554,"[43, 43]","[17.35000000000011, 0]","[0, 0]",28
48,"[0, 1]",140.8999999999978,"[46, 46]","[2.7499999999999982, 0]","[0, 0]",28
49,"[0, 1]",141.94999999999803,"[48, 48]","[3.4499999999999957, 0]","[0, 0]",28
50,"[2, 1]",129.5499999999952,"[47, 37]","[21.050000000000164, 0]","[2.9999999999999973, 0]",28
51,"[0, 3]",173.0000000000051,"[49, 45]","[3.8499999999999943, 0]","[0, 0]",28
52,"[0, 1]",145.69999999999888,"[51, 49]","[4.149999999999993, 0]","[0, 0]",28
53,"[0, 1]",146.79999999999913,"[52, 52]","[4.449999999999992, 0]","[0, 0]",28
54,"[2, 1]",134.44999999999632,"[50, 39]","[17.400000000000112, 0]","[0, 0]",28
55,"[0, 3]",178.05000000000624,"[53, 51]","[4.6499999999999915, 0]","[0, 0]",28
56,"[0, 1]",150.75000000000003,"[55, 53]","[5.4999999999999885, 0]","[0, 0]",28
57,"[0, 1]",151.85000000000028,"[56, 56]","[5.09999999999999, 0]","[0, 0]",28
58,"[2, 1]",139.5999999999975,"[54, 40]","[23.400000000000198, 0]","[0, 0]",28
59,"[0, 1]",153.00000000000054,"[57, 57]","[5.09999999999999, 0]","[0, 0]",28
60,"[0, 1]",154.05000000000078,"[59, 59]","[5.14999999999999, 0]","[0, 0]",28
61,"[0, 1]",155.050000000001,"[60, 60]","[5.14999999999999, 0]","[0, 0]",28
62,"[0, 1]",155.9500000000012,"[61, 61]","[5.1999999999999895, 0]","[0, 0]",28
63,"[0, 1]",155.9000000000012,"[62, 62]","[5.1999999999999895, 0]","[0, 0]",28
64,"[0, 1]",155.000000000001,"[63, 63]","[4.94999999999999, 0]","[0, 0]",28
65,"[2, 1]",145.04999999999873,"[58, 41]","[22.85000000000019, 0]","[0, 0]",28
66,"[2, 3]",176.1000000000058,"[65, -999]","[21.750000000000174, 0]","[0, 0]",28
67,"[0, 1]",155.20000000000104,"[64, 64]","[3.649999999999995, 0]","[0, 0]",28
68,"[0, 1]",148.3999999999995,"[67, 67]","[1.5500000000000007, 0]","[0, 0]",28
69,"[0, 1]",149.09999999999965,"[68, 68]","[1.4000000000000006, 0]","[0, 0]",28
70,"[0, 1]",149.99999999999986,"[69, 69]","[1.2500000000000004, 0]","[0, 0]",28
71,"[0, 1]",150.80000000000004,"[70, 70]","[1.1000000000000003, 0]","[0, 0]",28
72,"[0, 1]",150.75000000000003,"[71, 71]","[0.9000000000000002, 0]","[0, 0]",28
73,"[0, 1]",150.24999999999991,"[72, 72]","[0.7000000000000001, 0]","[0, 0]",28
74,"[0, 1]",150.04999999999987,"[73, 73]","[0.44999999999999996, 0]","[0, 0]",28
75,"[0, 1]",135.6499999999966,"[74, 74]","[0.44999999999999996, 0]","[0, 0]",28
76,"[0, 1]",135.09999999999647,"[75, 75]","[0, 0]","[0, 0]",28
77,"[0, 1]",130.54999999999544,"[76, 76]","[0, 0]","[0, 0]",28
78,"[0, 3]",161.00000000000236,"[77, -999]","[0, 0]","[0, 0]",28
79,"[2, 1]",148.3999999999995,"[66, 44]","[22.400000000000183, 0]","[0, 0]",28
0,"[2, 1]",36.40000000000007,"[-999, -999]","[0, 0]","[0, 0]",29
1,"[0, 3]",96.59999999999664,"[-999, -999]","[0, 0]","[0, 0]",29
2,"[2, 1]",38.09999999999997,"[0, 0]","[0, 0]","[0, 0]",29
3,"[2, 1]",39.89999999999987,"[2, 2]","[0, 0]","[0, 0]",29
4,"[2, 1]",41.79999999999976,"[3, 3]","[0, 0]","[0, 0]",29
5,"[2, 1]",43.54999999999966,"[4, 4]","[0, 0]","[0, 0]",29
6,"[2, 1]",45.04999999999958,"[5, 5]","[0, 0]","[0, 0]",29
7,"[2, 1]",46.349999999999504,"[6, 6]","[0, 0]","[0, 0]",29
8,"[2, 1]",47.34999999999945,"[7, 7]","[0, 0]","[0, 0]",29
9,"[2, 1]",48.449999999999385,"[8, 8]","[0, 0]","[0, 0]",29
10,"[2, 1]",56.69999999999892,"[9, 14]","[2.3, 0]","[2.3, 0]",29
11,"[2, 1]",67.29999999999832,"[10, 16]","[2.6499999999999986, 0]","[2.6499999999999986, 0]",29
12,"[2, 1]",72.24999999999804,"[11, 17]","[0, 0]","[0, 0]",29
13,"[2, 1]",77.69999999999773,"[12, 18]","[19.550000000000143, 0]","[0, 0]",29
14,"[0, 1]",67.7499999999983,"[1, 9]","[0, 0]","[0, 0]",29
15,"[0, 1]",74.34999999999792,"[14, 10]","[0.3, 0]","[0.3, 0]",29
16,"[0, 1]",74.99999999999788,"[15, 15]","[0, 0]","[0, 0]",29
17,"[0, 1]",80.94999999999754,"[16, 11]","[2.3999999999999995, 0]","[2.3999999999999995, 0]",29
18,"[0, 1]",86.09999999999725,"[17, 12]","[2.549999999999999, 0]","[2.549999999999999, 0]",29
19,"[0, 1]",91.94999999999692,"[18, 13]","[2.8999999999999977, 0]","[2.8999999999999977, 0]",29
20,"[0, 1]",91.69999999999692,"[19, 19]","[0, 0]","[0, 0]",29
21,"[0, 1]",97.3499999999966,"[20, 27]","[2.499999999999999, 0]","[2.499999999999999, 0]",29
22,"[0, 1]",97.6499999999966,"[21, 21]","[0, 0]","[0, 0]",29
23,"[0, 1]",98.59999999999654,"[22, 22]","[0, 0]","[0, 0]",29
24,"[0, 1]",103.99999999999623,"[23, 39]","[2.499999999999999, 0]","[2.499999999999999, 0]",29
25,"[0, 1]",104.4499999999962,"[24, 24]","[0, 0]","[0, 0]",29
26,"[0, 1]",110.29999999999588,"[25, 42]","[2.3999999999999995, 0]","[2.3999999999999995, 0]",29
27,"[2, 1]",88.8499999999971,"[13, 20]","[27.80000000000026, 0]","[2.7499999999999982, 0]",29
28,"[0, 1]",116.74999999999552,"[26, 43]","[1.950000000000001, 0]","[1.950000000000001, 0]",29
29,"[2, 3]",117.64999999999546,"[27, -999]","[22.700000000000188, 0]","[0, 0]",29
30,"[0, 1]",116.14999999999554,"[28, 28]","[0, 0]","[0, 0]",29
31,"[0, 1]",116.69999999999553,"[30, 30]","[0, 0]","[0, 0]",29
32,"[0, 3]",147.5499999999993,"[31, 45]","[0, 0]","[0, 0]",29
33,"[0, 1]",119.19999999999536,"[32, 47]","[0, 0]","[0, 0]",29
34,"[2, 3]",120.99999999999528,"[29, 29]","[20.950000000000163, 0]","[0, 0]",29
35,"[0, 1]",125.14999999999505,"[33, 48]","[2.549999999999999, 0]","[2.549999999999999, 0]",29
36,"[0, 1]",125.449999999995,"[35, 35]","[0, 0]","[0, 0]",29
37,"[0, 1]",126.44999999999496,"[36, 36]","[0, 0]","[0, 0]",29
38,"[0, 1]",133.19999999999604,"[37, 49]","[2.499999999999999, 0]","[2.499999999999999, 0]",29
39,"[2, 1]",96.09999999999668,"[34, 23]","[19.45000000000014, 0]","[0, 0]",29
40,"[0, 1]",132.94999999999598,"[38, 38]","[0, 0]","[0, 0]",29
41,"[0, 1]",137.99999999999713,"[40, 51]","[2.4499999999999993, 0]","[2.4499999999999993, 0]",29
42,"[2, 1]",107.44999999999604,"[39, 25]","[20.600000000000158, 0]","[2.6499999999999986, 0]",29
43,"[2, 1]",112.44999999999575,"[42, 26]","[16.4500000000001, 0]","[0, 0]",29
44,"[0, 1]",138.54999999999723,"[41, 41]","[0, 0]","[0, 0]",29
45,"[2, 3]",143.39999999999836,"[43, 34]","[15.85000000000009, 0]","[0, 0]",29
46,"[0, 1]",139.54999999999748,"[44, 44]","[0, 0]","[0, 0]",29
47,"[2, 1]",124.89999999999505,"[45, 31]","[19.25000000000014, 0]","[3.2499999999999964, 0]",29
48,"[2, 1]",131.89999999999574,"[47, 33]","[18.55000000000013, 0]","[2.799999999999998, 0]",29
49,"[2, 1]",147.44999999999928,"[48, 37]","[25.850000000000232, 0]","[10.000000000000007, 0]",29
50,"[2, 3]",177.4000000000061,"[49, 32]","[16.700000000000102, 0]","[0, 0]",29
51,"[2, 1]",153.05000000000055,"[50, 40]","[15.950000000000092, 0]","[0, 0]",29
52,"[0, 1]",145.44999999999882,"[46, 53]","[2.499999999999999, 0]","[2.499999999999999, 0]",29
53,"[2, 1]",169.75000000000435,"[51, 46]","[21.200000000000166, 0]","[6.399999999999985, 0]",29
54,"[2, 1]",174.65000000000546,"[53, 52]","[13.450000000000056, 0]","[0, 0]",29
55,"[2, 3]",204.35000000001224,"[54, 50]","[14.250000000000068, 0]","[0, 0]",29
56,"[0, 1]",150.80000000000004,"[52, 54]","[2.6499999999999986, 0]","[2.6499999999999986, 0]",29
57,"[0, 1]",151.1000000000001,"[56, 56]","[0, 0]","[0, 0]",29
58,"[0, 1]",151.9500000000003,"[57, 57]","[0, 0]","[0, 0]",29
59,"[0, 1]",152.95000000000053,"[58, 58]","[0.44999999999999996, 0]","[0, 0]",29
60,"[0, 1]",154.00000000000077,"[59, 59]","[1.3500000000000005, 0]","[0, 0]",29
61,"[0, 1]",155.050000000001,"[60, 60]","[2.3999999999999995, 0]","[0, 0]",29
62,"[2, 3]",207.70000000001295,"[55, 55]","[16.5500000000001, 0]","[0, 0]",29
63,"[0, 1]",156.10000000000124,"[61, 61]","[2.8999999999999977, 0]","[0, 0]",29
64,"[0, 1]",157.00000000000145,"[63, 63]","[3.349999999999996, 0]","[0, 0]",29
65,"[2, 3]",210.2500000000136,"[62, 62]","[18.950000000000134, 0]","[0, 0]",29
66,"[0, 1]",157.55000000000155,"[64, 64]","[3.649999999999995, 0]","[0, 0]",29
67,"[0, 1]",157.75000000000162,"[66, 66]","[3.7499999999999947, 0]","[0, 0]",29
68,"[0, 1]",158.1500000000017,"[67, 67]","[2.9999999999999973, 0]","[0, 0]",29
69,"[0, 1]",152.65000000000046,"[68, 68]","[1.900000000000001, 0]","[0, 0]",29
70,"[0, 1]",153.00000000000054,"[69, 69]","[2.000000000000001, 0]","[0, 0]",29
71,"[0, 1]",147.34999999999926,"[70, 70]","[1.3500000000000005, 0]","[0, 0]",29
72,"[0, 1]",146.54999999999907,"[71, 71]","[2.1500000000000004, 0]","[0, 0]",29
73,"[0, 1]",145.94999999999894,"[72, 72]","[2.000000000000001, 0]","[0, 0]",29
74,"[0, 1]",141.04999999999782,"[73, 73]","[1.900000000000001, 0]","[0, 0]",29
75,"[0, 1]",141.3999999999979,"[74, 74]","[1.950000000000001, 0]","[0, 0]",29
76,"[0, 1]",142.19999999999808,"[75, 75]","[2.799999999999998, 0]","[0, 0]",29
77,"[0, 1]",142.7499999999982,"[76, 76]","[3.7999999999999945, 0]","[0, 0]",29
78,"[0, 1]",140.34999999999766,"[77, 77]","[4.049999999999994, 0]","[0, 0]",29
79,"[0, 3]",170.65000000000455,"[78, -999]","[3.4999999999999956, 0]","[0, 0]",29
0,"[2, 1]",36.40000000000007,"[-999, -999]","[0, 0]","[0, 0]",30
1,"[2, 1]",38.09999999999997,"[0, 0]","[0, 0]","[0, 0]",30
2,"[2, 1]",39.89999999999987,"[1, 1]","[0, 0]","[0, 0]",30
3,"[2, 1]",41.79999999999976,"[2, 2]","[0, 0]","[0, 0]",30
4,"[2, 3]",70.24999999999815,"[3, -999]","[0, 0]","[0, 0]",30
5,"[2, 1]",38.69999999999994,"[4, 3]","[0, 0]","[0, 0]",30
6,"[2, 1]",40.64999999999983,"[5, 5]","[0, 0]","[0, 0]",30
7,"[2, 1]",42.49999999999972,"[6, 6]","[0, 0]","[0, 0]",30
8,"[2, 1]",44.04999999999964,"[7, 7]","[0, 0]","[0, 0]",30
9,"[2, 1]",45.59999999999955,"[8, 8]","[0, 0]","[0, 0]",30
10,"[2, 1]",46.84999999999948,"[9, 9]","[0, 0]","[0, 0]",30
11,"[2, 1]",47.69999999999943,"[10, 10]","[0, 0]","[0, 0]",30
12,"[2, 1]",59.04999999999878,"[11, 16]","[6.549999999999985, 0]","[6.549999999999985, 0]",30
13,"[2, 1]",63.84999999999851,"[12, 17]","[9.249999999999996, 0]","[2.3999999999999995, 0]",30
14,"[2, 3]",95.8999999999967,"[13, 18]","[15.650000000000087, 0]","[0, 0]",30
15,"[0, 1]",77.04999999999777,"[-999, 11]","[0, 0]","[2.1500000000000004, 0]",30
16,"[0, 1]",77.19999999999776,"[15, 15]","[0, 0]","[0, 0]",30
17,"[0, 1]",83.94999999999737,"[16, 12]","[2.1500000000000004, 0]","[2.1500000000000004, 0]",30
18,"[0, 3]",112.34999999999576,"[17, -999]","[0, 0]","[0, 0]",30
19,"[0, 1]",84.29999999999735,"[18, 13]","[0, 0]","[0, 0]",30
20,"[0, 1]",85.39999999999729,"[19, 19]","[0, 0]","[0, 0]",30
21,"[0, 1]",86.39999999999723,"[20, 20]","[0, 0]","[0, 0]",30
22,"[0, 1]",91.79999999999691,"[21, 35]","[2.4499999999999993, 0]","[2.4499999999999993, 0]",30
23,"[0, 1]",98.34999999999656,"[22, 36]","[2.4499999999999993, 0]","[2.4499999999999993, 0]",30
24,"[0, 1]",97.7499999999966,"[23, 23]","[0, 0]","[0, 0]",30
25,"[0, 1]",104.4499999999962,"[24, 41]","[2.849999999999998, 0]","[2.849999999999998, 0]",30
26,"[0, 1]",109.59999999999592,"[25, 43]","[2.3499999999999996, 0]","[2.3499999999999996, 0]",30
27,"[0, 1]",108.99999999999596,"[26, 26]","[0, 0]","[0, 0]",30
28,"[0, 1]",109.54999999999592,"[27, 27]","[0, 0]","[0, 0]",30
29,"[0, 1]",115.3499999999956,"[28, 47]","[2.4499999999999993, 0]","[2.4499999999999993, 0]",30
30,"[0, 1]",121.69999999999524,"[29, 50]","[2.0500000000000007, 0]","[2.0500000000000007, 0]",30
31,"[0, 1]",126.79999999999494,"[30, 54]","[2.4499999999999993, 0]","[2.4499999999999993, 0]",30
32,"[0, 1]",131.84999999999573,"[31, 55]","[2.549999999999999, 0]","[2.549999999999999, 0]",30
33,"[0, 1]",131.2499999999956,"[32, 32]","[0, 0]","[0, 0]",30
34,"[2, 3]",98.44999999999656,"[14, 14]","[18.60000000000013, 0]","[0, 0]",30
35,"[2, 1]",72.79999999999801,"[34, 21]","[19.45000000000014, 0]","[0, 0]",30
36,"[2, 1]",78.79999999999767,"[35, 22]","[17.15000000000011, 0]","[0, 0]",30
37,"[0, 1]",137.94999999999712,"[33, 69]","[2.9999999999999973, 0]","[2.9999999999999973, 0]",30
38,"[2, 3]",108.84999999999596,"[36, 34]","[15.450000000000085, 0]","[0, 0]",30
39,"[0, 3]",166.4500000000036,"[37, 60]","[0, 0]","[0, 0]",30
40,"[0, 1]",139.1499999999974,"[39, 37]","[0, 0]","[0, 0]",30
41,"[2, 1]",84.34999999999735,"[38, 24]","[13.900000000000063, 0]","[0, 0]",30
42,"[0, 3]",170.4500000000045,"[40, 39]","[0, 0]","[0, 0]",30
43,"[2, 1]",90.89999999999698,"[41, 25]","[12.450000000000042, 0]","[0, 0]",30
44,"[0, 1]",143.04999999999828,"[42, 40]","[0, 0]","[0, 0]",30
45,"[2, 3]",121.29999999999524,"[43, 38]","[10.95000000000002, 0]","[0, 0]",30
46,"[0, 1]",144.14999999999853,"[44, 44]","[0.8000000000000002, 0]","[0, 0]",30
47,"[2, 1]",103.59999999999626,"[45, 28]","[11.65000000000003, 0]","[2.1000000000000005, 0]",30
48,"[0, 1]",145.24999999999878,"[46, 46]","[1.5000000000000007, 0]","[0, 0]",30
49,"[0, 1]",146.29999999999902,"[48, 48]","[2.549999999999999, 0]","[0, 0]",30
50,"[2, 1]",108.49999999999598,"[47, 29]","[8.09999999999998, 0]","[0, 0]",30
51,"[0, 1]",147.34999999999926,"[49, 49]","[3.4999999999999956, 0]","[0, 0]",30
52,"[0, 1]",148.3999999999995,"[51, 51]","[4.249999999999993, 0]","[0, 0]",30
53,"[0, 1]",149.49999999999974,"[52, 52]","[4.799999999999991, 0]","[0, 0]",30
54,"[2, 1]",113.74999999999568,"[50, 30]","[7.699999999999981, 0]","[0, 0]",30
55,"[2, 1]",119.19999999999536,"[54, 31]","[7.699999999999981, 0]","[0, 0]",30
56,"[0, 1]",150.44999999999996,"[53, 53]","[5.999999999999987, 0]","[0, 0]",30
57,"[0, 1]",151.5000000000002,"[56, 56]","[7.149999999999983, 0]","[0, 0]",30
58,"[0, 1]",152.50000000000043,"[57, 57]","[7.84999999999998, 0]","[0, 0]",30
59,"[0, 1]",153.5500000000007,"[58, 58]","[8.899999999999991, 0]","[0, 0]",30
60,"[2, 3]",150.1999999999999,"[55, 45]","[7.299999999999982, 0]","[0, 0]",30
61,"[0, 1]",154.6000000000009,"[59, 59]","[9.900000000000006, 0]","[0, 0]",30
62,"[0, 1]",155.55000000000112,"[61, 61]","[10.700000000000017, 0]","[0, 0]",30
63,"[0, 1]",156.20000000000127,"[62, 62]","[11.55000000000003, 0]","[0, 0]",30
64,"[0, 1]",156.4000000000013,"[63, 63]","[11.700000000000031, 0]","[0, 0]",30
65,"[0, 3]",179.75000000000662,"[64, -999]","[10.20000000000001, 0]","[0, 0]",30
66,"[0, 1]",151.4500000000002,"[65, 64]","[10.600000000000016, 0]","[0, 0]",30
67,"[0, 1]",150.24999999999991,"[66, 66]","[10.90000000000002, 0]","[0, 0]",30
68,"[0, 1]",149.99999999999986,"[67, 67]","[10.350000000000012, 0]","[0, 0]",30
69,"[2, 1]",125.19999999999504,"[60, 33]","[7.149999999999983, 0]","[0, 0]",30
70,"[0, 1]",144.34999999999857,"[68, 68]","[8.74999999999999, 0]","[0, 0]",30
71,"[0, 1]",140.34999999999766,"[70, 70]","[8.499999999999986, 0]","[0, 0]",30
72,"[0, 1]",133.14999999999603,"[71, 71]","[6.149999999999986, 0]","[0, 0]",30
73,"[0, 1]",133.14999999999603,"[72, 72]","[5.649999999999988, 0]","[0, 0]",30
74,"[0, 1]",133.14999999999603,"[73, 73]","[3.999999999999994, 0]","[0, 0]",30
75,"[0, 1]",124.24999999999508,"[74, 74]","[0, 0]","[0, 0]",30
76,"[0, 1]",124.94999999999504,"[75, 75]","[0, 0]","[0, 0]",30
77,"[0, 1]",125.499999999995,"[76, 76]","[0, 0]","[0, 0]",30
78,"[0, 1]",124.49999999999508,"[77, 77]","[0, 0]","[0, 0]",30
79,"[0, 1]",124.79999999999504,"[78, 78]","[0, 0]","[0, 0]",30
0,"[2, 1]",36.40000000000007,"[-999, -999]","[0, 0]","[0, 0]",31
1,"[2, 1]",38.09999999999997,"[0, 0]","[0, 0]","[0, 0]",31
2,"[2, 1]",39.89999999999987,"[1, 1]","[0, 0]","[0, 0]",31
3,"[2, 1]",41.79999999999976,"[2, 2]","[0, 0]","[0, 0]",31
4,"[2, 1]",43.54999999999966,"[3, 3]","[0, 0]","[0, 0]",31
5,"[2, 1]",45.04999999999958,"[4, 4]","[0, 0]","[0, 0]",31
6,"[2, 1]",46.349999999999504,"[5, 5]","[0, 0]","[0, 0]",31
7,"[2, 1]",47.34999999999945,"[6, 6]","[0, 0]","[0, 0]",31
8,"[2, 1]",48.49999999999938,"[7, 7]","[0, 0]","[0, 0]",31
9,"[2, 1]",50.14999999999929,"[8, 8]","[0, 0]","[0, 0]",31
10,"[2, 1]",57.44999999999887,"[9, 14]","[0, 0]","[0, 0]",31
11,"[2, 1]",62.74999999999857,"[10, 15]","[0, 0]","[0, 0]",31
12,"[0, 3]",96.59999999999664,"[-999, -999]","[0, 0]","[0, 0]",31
13,"[2, 1]",68.29999999999826,"[11, 16]","[10.400000000000013, 0]","[0, 0]",31
14,"[0, 1]",71.64999999999807,"[12, 9]","[0, 0]","[0, 0]",31
15,"[0, 1]",77.89999999999772,"[14, 10]","[2.549999999999999, 0]","[2.549999999999999, 0]",31
16,"[0, 1]",82.94999999999743,"[15, 11]","[2.6499999999999986, 0]","[2.6499999999999986, 0]",31
17,"[0, 1]",88.7999999999971,"[16, 13]","[2.9999999999999973, 0]","[2.9999999999999973, 0]",31
18,"[2, 3]",99.2999999999965,"[13, 12]","[22.500000000000185, 0]","[0.05, 0]",31
19,"[0, 1]",88.34999999999712,"[17, 17]","[0, 0]","[0, 0]",31
20,"[0, 1]",95.19999999999672,"[19, 27]","[2.7499999999999982, 0]","[2.7499999999999982, 0]",31
21,"[0, 1]",94.64999999999677,"[20, 20]","[0, 0]","[0, 0]",31
22,"[0, 1]",100.14999999999644,"[21, 34]","[2.549999999999999, 0]","[2.549999999999999, 0]",31
23,"[0, 1]",106.2499999999961,"[22, 36]","[2.6999999999999984, 0]","[2.6999999999999984, 0]",31
24,"[0, 1]",111.29999999999582,"[23, 39]","[2.549999999999999, 0]","[2.549999999999999, 0]",31
25,"[0, 1]",110.64999999999586,"[24, 24]","[0, 0]","[0, 0]",31
26,"[0, 1]",111.34999999999582,"[25, 25]","[0, 0]","[0, 0]",31
27,"[2, 1]",74.04999999999794,"[18, 19]","[20.15000000000015, 0]","[0, 0]",31
28,"[0, 1]",117.14999999999549,"[26, 41]","[2.3999999999999995, 0]","[2.3999999999999995, 0]",31
29,"[0, 3]",148.54999999999953,"[28, 45]","[0, 0]","[0, 0]",31
30,"[0, 3]",150.09999999999988,"[29, 29]","[0, 0]","[0, 0]",31
31,"[0, 1]",120.59999999999528,"[30, 47]","[0, 0]","[0, 0]",31
32,"[0, 1]",121.69999999999524,"[31, 31]","[0, 0]","[0, 0]",31
33,"[0, 1]",122.79999999999517,"[32, 32]","[0, 0]","[0, 0]",31
34,"[2, 1]",86.39999999999723,"[27, 21]","[21.200000000000166, 0]","[2.7499999999999982, 0]",31
35,"[0, 1]",123.8999999999951,"[33, 33]","[0, 0]","[0, 0]",31
36,"[2, 1]",91.34999999999695,"[34, 22]","[16.850000000000104, 0]","[0, 0]",31
37,"[0, 1]",129.84999999999528,"[35, 55]","[2.499999999999999, 0]","[2.499999999999999, 0]",31
38,"[0, 1]",135.79999999999663,"[37, 62]","[2.849999999999998, 0]","[2.849999999999998, 0]",31
39,"[2, 1]",96.39999999999668,"[36, 23]","[15.350000000000083, 0]","[0, 0]",31
40,"[2, 3]",127.69999999999489,"[39, 18]","[13.850000000000062, 0]","[0, 0]",31
41,"[2, 1]",109.14999999999594,"[40, 26]","[14.800000000000075, 0]","[2.3999999999999995, 0]",31
42,"[0, 1]",135.54999999999657,"[38, 38]","[0.6, 0]","[0, 0]",31
43,"[0, 1]",141.24999999999787,"[42, 65]","[2.9999999999999973, 0]","[2.549999999999999, 0]",31
44,"[0, 1]",147.6999999999993,"[43, 74]","[1.6000000000000008, 0]","[1.6000000000000008, 0]",31
45,"[2, 3]",137.99999999999713,"[41, 40]","[10.95000000000002, 0]","[0, 0]",31
46,"[0, 1]",147.0499999999992,"[44, 44]","[0, 0]","[0, 0]",31
47,"[2, 1]",110.24999999999588,"[45, 28]","[9.5, 0]","[0, 0]",31
48,"[2, 3]",148.14999999999944,"[47, 30]","[9.650000000000002, 0]","[0, 0]",31
49,"[0, 1]",147.5999999999993,"[46, 46]","[0, 0]","[0, 0]",31
50,"[0, 1]",153.45000000000064,"[49, 79]","[2.3499999999999996, 0]","[2.3499999999999996, 0]",31
51,"[0, 1]",153.85000000000073,"[50, 50]","[0, 0]","[0, 0]",31
52,"[0, 1]",154.80000000000095,"[51, 51]","[0, 0]","[0, 0]",31
53,"[0, 1]",155.80000000000118,"[52, 52]","[0, 0]","[0, 0]",31
54,"[0, 3]",186.7500000000082,"[53, 78]","[0, 0]","[0, 0]",31
55,"[2, 1]",135.34999999999653,"[48, 35]","[20.300000000000153, 0]","[9.850000000000005, 0]",31
56,"[0, 1]",159.50000000000202,"[54, 53]","[0.8500000000000002, 0]","[0, 0]",31
57,"[0, 1]",160.55000000000226,"[56, 56]","[0.8500000000000002, 0]","[0, 0]",31
58,"[0, 1]",161.6000000000025,"[57, 57]","[0.1, 0]","[0, 0]",31
59,"[0, 1]",162.4500000000027,"[58, 58]","[0, 0]","[0, 0]",31
60,"[0, 1]",158.80000000000186,"[59, 59]","[0, 0]","[0, 0]",31
61,"[0, 1]",158.30000000000177,"[60, 60]","[0, 0]","[0, 0]",31
62,"[2, 1]",140.24999999999764,"[55, 37]","[10.85000000000002, 0]","[0, 0]",31
63,"[0, 1]",152.8500000000005,"[61, 61]","[0, 0]","[0, 0]",31
64,"[0, 1]",150.04999999999987,"[63, 63]","[0, 0]","[0, 0]",31
65,"[2, 1]",151.5000000000002,"[62, 42]","[14.45000000000007, 0]","[2.7499999999999982, 0]",31
66,"[0, 1]",150.65,"[64, 64]","[0, 0]","[0, 0]",31
67,"[0, 1]",150.90000000000006,"[66, 66]","[0.3, 0]","[0, 0]",31
68,"[0, 1]",149.6999999999998,"[67, 67]","[1.2000000000000004, 0]","[0, 0]",31
69,"[0, 1]",144.4499999999986,"[68, 68]","[1.6000000000000008, 0]","[0, 0]",31
70,"[0, 1]",145.04999999999873,"[69, 69]","[1.850000000000001, 0]","[0, 0]",31
71,"[0, 1]",145.84999999999891,"[70, 70]","[2.799999999999998, 0]","[0, 0]",31
72,"[0, 1]",146.79999999999913,"[71, 71]","[3.049999999999997, 0]","[0, 0]",31
73,"[0, 1]",147.5499999999993,"[72, 72]","[2.499999999999999, 0]","[0, 0]",31
74,"[2, 1]",156.50000000000134,"[65, 43]","[16.100000000000094, 0]","[0, 0]",31
75,"[0, 1]",142.59999999999818,"[73, 73]","[2.549999999999999, 0]","[0, 0]",31
76,"[0, 1]",138.2999999999972,"[75, 75]","[2.6999999999999984, 0]","[0, 0]",31
77,"[0, 1]",138.14999999999716,"[76, 76]","[2.0500000000000007, 0]","[0, 0]",31
78,"[2, 3]",187.4000000000084,"[74, -999]","[25.950000000000234, 0]","[0, 0]",31
79,"[2, 1]",169.00000000000418,"[78, 49]","[29.10000000000028, 0]","[2.549999999999999, 0]",31
0,"[2, 3]",67.7499999999983,"[-999, -999]","[0, 0]","[0, 0]",32
1,"[0, 3]",96.64999999999664,"[-999, 0]","[0, 0]","[0, 0]",32
2,"[2, 1]",37.15000000000003,"[0, -999]","[0, 0]","[0, 0]",32
3,"[2, 1]",38.89999999999993,"[2, 2]","[0, 0]","[0, 0]",32
4,"[2, 1]",40.74999999999982,"[3, 3]","[0, 0]","[0, 0]",32
5,"[2, 1]",42.54999999999972,"[4, 4]","[0, 0]","[0, 0]",32
6,"[2, 1]",44.09999999999963,"[5, 5]","[0, 0]","[0, 0]",32
7,"[2, 1]",45.54999999999955,"[6, 6]","[0, 0]","[0, 0]",32
8,"[2, 1]",46.84999999999948,"[7, 7]","[0, 0]","[0, 0]",32
9,"[2, 1]",47.69999999999943,"[8, 8]","[0, 0]","[0, 0]",32
10,"[2, 1]",54.84999999999902,"[9, 12]","[3.1999999999999966, 0]","[3.1999999999999966, 0]",32
11,"[2, 1]",70.54999999999814,"[10, 17]","[9.700000000000003, 0]","[9.700000000000003, 0]",32
12,"[0, 1]",68.04999999999828,"[1, 9]","[0, 0]","[0, 0]",32
13,"[2, 1]",75.54999999999785,"[11, 20]","[0, 0]","[0, 0]",32
14,"[2, 1]",80.64999999999756,"[13, 21]","[22.10000000000018, 0]","[0, 0]",32
15,"[0, 1]",74.54999999999791,"[12, 10]","[0.8000000000000002, 0]","[0.8000000000000002, 0]",32
16,"[0, 1]",75.19999999999787,"[15, 15]","[0, 0]","[0, 0]",32
17,"[0, 1]",76.24999999999781,"[16, 16]","[0, 0]","[0, 0]",32
18,"[2, 3]",111.5499999999958,"[14, -999]","[34.900000000000155, 0]","[0.05, 0]",32
19,"[2, 1]",93.34999999999684,"[18, 24]","[34.350000000000186, 0]","[1.800000000000001, 0]",32
20,"[0, 1]",82.24999999999747,"[17, 11]","[2.4499999999999993, 0]","[2.4499999999999993, 0]",32
21,"[0, 1]",88.49999999999712,"[20, 13]","[2.3, 0]","[2.3, 0]",32
22,"[0, 1]",93.59999999999684,"[21, 14]","[2.6499999999999986, 0]","[2.6499999999999986, 0]",32
23,"[0, 1]",92.94999999999686,"[22, 22]","[0, 0]","[0, 0]",32
24,"[0, 1]",93.54999999999684,"[23, 23]","[0, 0]","[0, 0]",32
25,"[0, 1]",99.3999999999965,"[24, 19]","[2.499999999999999, 0]","[2.499999999999999, 0]",32
26,"[0, 1]",105.94999999999612,"[25, 30]","[1.7000000000000008, 0]","[1.7000000000000008, 0]",32
27,"[0, 3]",134.3499999999963,"[26, 18]","[0, 0]","[0, 0]",32
28,"[0, 1]",105.54999999999616,"[27, 35]","[0, 0]","[0, 0]",32
29,"[0, 3]",136.84999999999687,"[28, 27]","[0, 0]","[0, 0]",32
30,"[2, 1]",98.29999999999656,"[19, 25]","[30.850000000000303, 0]","[0, 0]",32
31,"[0, 1]",112.84999999999572,"[29, 39]","[2.3, 0]","[2.3, 0]",32
32,"[0, 1]",113.4999999999957,"[31, 31]","[0, 0]","[0, 0]",32
33,"[0, 1]",114.54999999999563,"[32, 32]","[0, 0]","[0, 0]",32
34,"[0, 1]",120.4999999999953,"[33, 41]","[2.3999999999999995, 0]","[2.3999999999999995, 0]",32
35,"[2, 1]",103.69999999999624,"[30, 26]","[29.25000000000028, 0]","[0, 0]",32
36,"[2, 1]",109.74999999999592,"[35, 28]","[27.75000000000026, 0]","[0, 0]",32
37,"[0, 1]",126.64999999999496,"[34, 45]","[2.549999999999999, 0]","[2.549999999999999, 0]",32
38,"[0, 1]",131.6999999999957,"[37, 47]","[2.4499999999999993, 0]","[2.4499999999999993, 0]",32
39,"[2, 1]",109.59999999999592,"[36, 36]","[26.250000000000238, 0]","[0, 0]",32
40,"[0, 1]",131.09999999999556,"[38, 38]","[0, 0]","[0, 0]",32
41,"[2, 1]",128.39999999999495,"[39, 33]","[34.60000000000017, 0]","[9.800000000000004, 0]",32
42,"[0, 3]",164.90000000000325,"[40, 54]","[0, 0]","[0, 0]",32
43,"[0, 1]",135.89999999999665,"[42, 58]","[0.65, 0]","[0, 0]",32
44,"[0, 1]",136.69999999999683,"[43, 43]","[1.5000000000000007, 0]","[0, 0]",32
45,"[2, 1]",133.29999999999606,"[41, 34]","[23.350000000000197, 0]","[0, 0]",32
46,"[0, 1]",137.69999999999706,"[44, 44]","[2.849999999999998, 0]","[0, 0]",32
47,"[2, 1]",138.39999999999722,"[45, 37]","[21.900000000000176, 0]","[0, 0]",32
48,"[2, 3]",169.5000000000043,"[47, -999]","[22.300000000000182, 0]","[0, 0]",32
49,"[0, 1]",143.9999999999985,"[46, 69]","[6.0499999999999865, 0]","[2.549999999999999, 0]",32
50,"[0, 1]",144.24999999999855,"[49, 49]","[3.899999999999994, 0]","[0, 0]",32
51,"[0, 1]",145.09999999999874,"[50, 50]","[4.249999999999993, 0]","[0, 0]",32
52,"[0, 1]",146.14999999999898,"[51, 51]","[4.6499999999999915, 0]","[0, 0]",32
53,"[0, 1]",147.24999999999923,"[52, 52]","[5.299999999999989, 0]","[0, 0]",32
54,"[2, 3]",172.40000000000495,"[48, 48]","[22.80000000000019, 0]","[0, 0]",32
55,"[0, 1]",148.24999999999946,"[53, 53]","[5.4999999999999885, 0]","[0, 0]",32
56,"[0, 1]",149.3499999999997,"[55, 55]","[5.249999999999989, 0]","[0, 0]",32
57,"[0, 1]",150.34999999999994,"[56, 56]","[4.749999999999991, 0]","[0, 0]",32
58,"[2, 1]",143.1499999999983,"[54, 40]","[22.650000000000187, 0]","[0, 0]",32
59,"[0, 1]",151.40000000000018,"[57, 57]","[4.399999999999992, 0]","[0, 0]",32
60,"[0, 1]",152.3500000000004,"[59, 59]","[4.149999999999993, 0]","[0, 0]",32
61,"[0, 1]",153.2000000000006,"[60, 60]","[3.5499999999999954, 0]","[0, 0]",32
62,"[0, 1]",148.69999999999956,"[61, 61]","[2.8999999999999977, 0]","[0, 0]",32
63,"[0, 1]",148.69999999999956,"[62, 62]","[2.3, 0]","[0, 0]",32
64,"[0, 1]",144.29999999999856,"[63, 63]","[3.099999999999997, 0]","[0, 0]",32
65,"[0, 3]",174.8500000000055,"[64, -999]","[3.8499999999999943, 0]","[0, 0]",32
66,"[0, 1]",147.44999999999928,"[65, 64]","[4.399999999999992, 0]","[0, 0]",32
67,"[0, 1]",148.3999999999995,"[66, 66]","[4.849999999999991, 0]","[0, 0]",32
68,"[0, 1]",148.7999999999996,"[67, 67]","[5.14999999999999, 0]","[0, 0]",32
69,"[2, 1]",162.0000000000026,"[58, 46]","[32.3500000000003, 0]","[9.800000000000004, 0]",32
70,"[0, 1]",147.6999999999993,"[68, 68]","[5.449999999999989, 0]","[0, 0]",32
71,"[0, 1]",147.5999999999993,"[70, 70]","[4.799999999999991, 0]","[0, 0]",32
72,"[0, 1]",133.69999999999615,"[71, 71]","[0, 0]","[0, 0]",32
73,"[0, 1]",133.19999999999604,"[72, 72]","[0, 0]","[0, 0]",32
74,"[0, 3]",163.90000000000302,"[73, 65]","[0, 0]","[0, 0]",32
75,"[0, 1]",136.19999999999672,"[74, 73]","[0, 0]","[0, 0]",32
76,"[0, 1]",134.64999999999637,"[75, 75]","[0, 0]","[0, 0]",32
77,"[0, 1]",134.64999999999637,"[76, 76]","[0, 0]","[0, 0]",32
78,"[2, 3]",191.25000000000924,"[69, 42]","[27.05000000000025, 0]","[0, 0]",32
79,"[0, 1]",135.14999999999648,"[77, 77]","[0, 0]","[0, 0]",32
0,"[2, 1]",36.40000000000007,"[-999, -999]","[0, 0]","[0, 0]",33
1,"[0, 3]",96.59999999999664,"[-999, -999]","[0, 0]","[0, 0]",33
2,"[2, 1]",38.09999999999997,"[0, 0]","[0, 0]","[0, 0]",33
3,"[2, 1]",39.89999999999987,"[2, 2]","[0, 0]","[0, 0]",33
4,"[2, 1]",41.79999999999976,"[3, 3]","[0, 0]","[0, 0]",33
5,"[2, 1]",43.54999999999966,"[4, 4]","[0, 0]","[0, 0]",33
6,"[2, 1]",45.099999999999575,"[5, 5]","[0, 0]","[0, 0]",33
7,"[2, 1]",46.349999999999504,"[6, 6]","[0, 0]","[0, 0]",33
8,"[2, 1]",47.39999999999944,"[7, 7]","[0, 0]","[0, 0]",33
9,"[2, 1]",48.49999999999938,"[8, 8]","[0, 0]","[0, 0]",33
10,"[2, 1]",56.69999999999892,"[9, 14]","[2.7499999999999982, 0]","[2.7499999999999982, 0]",33
11,"[2, 1]",61.59999999999864,"[10, 15]","[0, 0]","[0, 0]",33
12,"[2, 1]",66.74999999999835,"[11, 16]","[0, 0]","[0, 0]",33
13,"[2, 1]",72.14999999999804,"[12, 17]","[15.200000000000081, 0]","[0, 0]",33
14,"[0, 1]",67.79999999999829,"[1, 9]","[0, 0]","[0, 0]",33
15,"[0, 1]",74.34999999999792,"[14, 10]","[0.3, 0]","[0.3, 0]",33
16,"[0, 1]",80.94999999999754,"[15, 11]","[2.549999999999999, 0]","[2.549999999999999, 0]",33
17,"[0, 1]",85.99999999999726,"[16, 12]","[2.6499999999999986, 0]","[2.6499999999999986, 0]",33
18,"[2, 3]",103.49999999999626,"[13, -999]","[26.700000000000244, 0]","[0.05, 0]",33
19,"[2, 1]",84.79999999999733,"[18, 23]","[26.850000000000247, 0]","[2.499999999999999, 0]",33
20,"[0, 1]",90.99999999999696,"[17, 13]","[2.549999999999999, 0]","[2.549999999999999, 0]",33
21,"[2, 1]",89.74999999999704,"[19, 24]","[22.650000000000187, 0]","[0, 0]",33
22,"[0, 1]",90.399999999997,"[20, 20]","[0, 0]","[0, 0]",33
23,"[0, 1]",90.99999999999696,"[22, 22]","[0, 0]","[0, 0]",33
24,"[0, 1]",96.84999999999664,"[23, 19]","[2.499999999999999, 0]","[2.499999999999999, 0]",33
25,"[2, 1]",95.09999999999674,"[21, 26]","[21.050000000000164, 0]","[0, 0]",33
26,"[0, 1]",103.29999999999627,"[24, 21]","[1.800000000000001, 0]","[1.800000000000001, 0]",33
27,"[2, 1]",100.54999999999644,"[25, 28]","[19.550000000000143, 0]","[0, 0]",33
28,"[0, 1]",108.349999999996,"[26, 25]","[2.549999999999999, 0]","[2.549999999999999, 0]",33
29,"[2, 1]",106.4499999999961,"[27, 31]","[18.100000000000122, 0]","[0, 0]",33
30,"[0, 3]",136.74999999999685,"[28, 18]","[0, 0]","[0, 0]",33
31,"[0, 1]",107.949999999996,"[30, 27]","[0, 0]","[0, 0]",33
32,"[0, 3]",139.1999999999974,"[31, 30]","[0.44999999999999996, 0]","[0, 0]",33
33,"[0, 3]",141.3999999999979,"[32, 32]","[0.9500000000000003, 0]","[0, 0]",33
34,"[2, 1]",106.3999999999961,"[29, 29]","[16.6000000000001, 0]","[0, 0]",33
35,"[0, 1]",111.09999999999584,"[33, 34]","[1.3500000000000005, 0]","[0, 0]",33
36,"[2, 1]",125.499999999995,"[34, 40]","[25.150000000000222, 0]","[10.000000000000007, 0]",33
37,"[0, 1]",112.09999999999576,"[35, 35]","[1.7500000000000009, 0]","[0, 0]",33
38,"[2, 3]",154.35000000000085,"[36, 33]","[14.000000000000064, 0]","[0, 0]",33
39,"[2, 3]",157.75000000000162,"[38, 38]","[14.300000000000068, 0]","[0, 0]",33
40,"[0, 1]",113.19999999999573,"[37, 37]","[2.2, 0]","[0, 0]",33
41,"[2, 1]",132.84999999999596,"[39, 51]","[14.650000000000073, 0]","[0, 0]",33
42,"[2, 3]",162.80000000000277,"[41, 39]","[14.150000000000066, 0]","[0, 0]",33
43,"[2, 1]",139.34999999999744,"[42, 53]","[13.850000000000062, 0]","[0, 0]",33
44,"[0, 1]",119.19999999999536,"[40, 36]","[5.14999999999999, 0]","[2.499999999999999, 0]",33
45,"[2, 3]",172.00000000000486,"[43, 55]","[17.95000000000012, 0]","[0, 0]",33
46,"[0, 1]",119.49999999999535,"[44, 44]","[3.099999999999997, 0]","[0, 0]",33
47,"[2, 1]",148.29999999999947,"[45, 57]","[19.000000000000135, 0]","[0, 0]",33
48,"[2, 1]",159.30000000000197,"[47, 59]","[22.20000000000018, 0]","[2.6999999999999984, 0]",33
49,"[2, 1]",164.15000000000308,"[48, 60]","[20.450000000000156, 0]","[0, 0]",33
50,"[2, 1]",169.30000000000425,"[49, 61]","[23.900000000000205, 0]","[0, 0]",33
51,"[0, 1]",120.4499999999953,"[46, 46]","[3.4499999999999957, 0]","[0, 0]",33
52,"[0, 1]",125.899999999995,"[51, 41]","[6.249999999999986, 0]","[2.4499999999999993, 0]",33
53,"[0, 1]",126.39999999999496,"[52, 52]","[3.999999999999994, 0]","[0, 0]",33
54,"[2, 3]",201.35000000001156,"[50, 62]","[25.05000000000022, 0]","[0, 0]",33
55,"[0, 3]",157.05000000000146,"[53, 42]","[4.299999999999993, 0]","[0, 0]",33
56,"[0, 1]",128.74999999999503,"[55, 43]","[4.599999999999992, 0]","[0, 0]",33
57,"[0, 1]",129.84999999999528,"[56, 56]","[4.99999999999999, 0]","[0, 0]",33
58,"[0, 1]",135.44999999999655,"[57, 47]","[7.599999999999981, 0]","[2.4499999999999993, 0]",33
59,"[0, 1]",135.89999999999665,"[58, 58]","[4.849999999999991, 0]","[0, 0]",33
60,"[0, 1]",141.69999999999797,"[59, 48]","[6.799999999999984, 0]","[2.499999999999999, 0]",33
61,"[0, 1]",147.84999999999937,"[60, 49]","[6.5999999999999845, 0]","[2.849999999999998, 0]",33
62,"[0, 3]",176.20000000000582,"[61, 45]","[3.149999999999997, 0]","[0, 0]",33
63,"[0, 1]",148.09999999999943,"[62, 50]","[2.549999999999999, 0]","[0, 0]",33
64,"[0, 1]",149.19999999999968,"[63, 63]","[2.000000000000001, 0]","[0, 0]",33
65,"[2, 1]",177.35000000000608,"[54, 64]","[26.30000000000024, 0]","[0, 0]",33
66,"[0, 1]",154.75000000000094,"[64, 65]","[3.7999999999999945, 0]","[2.3999999999999995, 0]",33
67,"[0, 1]",155.15000000000103,"[66, 66]","[0.7000000000000001, 0]","[0, 0]",33
68,"[0, 1]",160.45000000000223,"[67, 70]","[2.3999999999999995, 0]","[2.3999999999999995, 0]",33
69,"[0, 1]",160.7000000000023,"[68, 76]","[2.799999999999998, 0]","[2.799999999999998, 0]",33
70,"[2, 1]",188.60000000000863,"[65, 67]","[29.90000000000029, 0]","[2.6999999999999984, 0]",33
71,"[0, 1]",157.30000000000152,"[69, 69]","[0, 0]","[0, 0]",33
72,"[0, 1]",156.15000000000126,"[71, 71]","[0, 0]","[0, 0]",33
73,"[0, 1]",154.85000000000096,"[72, 72]","[0, 0]","[0, 0]",33
74,"[0, 1]",155.20000000000104,"[73, 73]","[0, 0]","[0, 0]",33
75,"[0, 1]",155.9500000000012,"[74, 74]","[0, 0]","[0, 0]",33
76,"[2, 1]",193.55000000000976,"[70, 68]","[28.050000000000264, 0]","[0, 0]",33
77,"[0, 1]",156.85000000000142,"[75, 75]","[0, 0]","[0, 0]",33
78,"[2, 3]",223.75000000001663,"[76, 54]","[28.950000000000276, 0]","[0, 0]",33
79,"[0, 1]",157.7000000000016,"[77, 77]","[1.1500000000000004, 0]","[0, 0]",33
0,"[2, 1]",36.40000000000007,"[-999, -999]","[0, 0]","[0, 0]",34
1,"[0, 1]",76.4999999999978,"[-999, 8]","[0, 0]","[2.499999999999999, 0]",34
2,"[2, 1]",38.09999999999997,"[0, 0]","[0, 0]","[0, 0]",34
3,"[2, 1]",39.89999999999987,"[2, 2]","[0, 0]","[0, 0]",34
4,"[2, 1]",41.79999999999976,"[3, 3]","[0, 0]","[0, 0]",34
5,"[2, 1]",43.54999999999966,"[4, 4]","[0, 0]","[0, 0]",34
6,"[2, 1]",45.04999999999958,"[5, 5]","[0, 0]","[0, 0]",34
7,"[2, 1]",46.349999999999504,"[6, 6]","[0, 0]","[0, 0]",34
8,"[2, 1]",47.34999999999945,"[7, 7]","[0, 0]","[0, 0]",34
9,"[2, 1]",53.3999999999991,"[8, 1]","[3.399999999999996, 0]","[3.399999999999996, 0]",34
10,"[2, 1]",65.39999999999843,"[9, 15]","[9.149999999999995, 0]","[5.899999999999987, 0]",34
11,"[2, 1]",70.29999999999815,"[10, 16]","[18.75000000000013, 0]","[1.5000000000000007, 0]",34
12,"[2, 1]",75.89999999999783,"[11, 17]","[23.250000000000195, 0]","[0, 0]",34
13,"[2, 1]",82.29999999999747,"[12, 20]","[24.30000000000021, 0]","[0, 0]",34
14,"[0, 1]",71.99999999999805,"[1, 9]","[0, 0]","[0, 0]",34
15,"[0, 1]",73.39999999999797,"[14, 14]","[0, 0]","[0, 0]",34
16,"[0, 1]",80.84999999999755,"[15, 10]","[1.1000000000000003, 0]","[1.1000000000000003, 0]",34
17,"[0, 1]",85.99999999999726,"[16, 11]","[2.4499999999999993, 0]","[2.4499999999999993, 0]",34
18,"[0, 3]",112.39999999999576,"[17, -999]","[0, 0]","[0, 0]",34
19,"[2, 1]",87.59999999999717,"[13, 21]","[21.900000000000176, 0]","[0, 0]",34
20,"[0, 1]",86.14999999999725,"[18, 12]","[0, 0]","[0, 0]",34
21,"[0, 1]",91.49999999999694,"[20, 13]","[2.499999999999999, 0]","[2.499999999999999, 0]",34
22,"[0, 1]",97.84999999999658,"[21, 19]","[2.4499999999999993, 0]","[2.4499999999999993, 0]",34
23,"[0, 1]",102.9499999999963,"[22, 27]","[2.3999999999999995, 0]","[2.3999999999999995, 0]",34
24,"[0, 1]",108.049999999996,"[23, 29]","[2.3999999999999995, 0]","[2.3999999999999995, 0]",34
25,"[0, 1]",113.19999999999573,"[24, 33]","[2.3999999999999995, 0]","[2.3999999999999995, 0]",34
26,"[0, 1]",118.19999999999544,"[25, 34]","[2.549999999999999, 0]","[2.549999999999999, 0]",34
27,"[2, 1]",92.84999999999688,"[19, 22]","[20.400000000000155, 0]","[0, 0]",34
28,"[0, 1]",123.24999999999514,"[26, 36]","[2.3999999999999995, 0]","[2.3999999999999995, 0]",34
29,"[2, 1]",98.34999999999656,"[27, 23]","[19.050000000000136, 0]","[0, 0]",34
30,"[0, 1]",128.29999999999492,"[28, 39]","[2.549999999999999, 0]","[2.549999999999999, 0]",34
31,"[0, 1]",133.34999999999607,"[30, 41]","[2.549999999999999, 0]","[2.549999999999999, 0]",34
32,"[0, 1]",138.3499999999972,"[31, 42]","[2.6999999999999984, 0]","[2.6999999999999984, 0]",34
33,"[2, 1]",103.89999999999624,"[29, 24]","[17.800000000000118, 0]","[0, 0]",34
34,"[2, 1]",109.34999999999592,"[33, 25]","[16.5500000000001, 0]","[0, 0]",34
35,"[0, 1]",143.34999999999835,"[32, 43]","[2.499999999999999, 0]","[2.499999999999999, 0]",34
36,"[2, 1]",114.74999999999562,"[34, 26]","[15.250000000000082, 0]","[0, 0]",34
37,"[0, 1]",142.79999999999822,"[35, 35]","[0, 0]","[0, 0]",34
38,"[0, 3]",172.70000000000502,"[37, 45]","[0, 0]","[0, 0]",34
39,"[2, 1]",120.24999999999532,"[36, 28]","[14.000000000000064, 0]","[0, 0]",34
40,"[0, 1]",144.14999999999853,"[38, 48]","[0, 0]","[0, 0]",34
41,"[2, 1]",125.699999999995,"[39, 30]","[14.000000000000064, 0]","[0, 0]",34
42,"[2, 1]",131.14999999999557,"[41, 31]","[14.150000000000066, 0]","[0, 0]",34
43,"[2, 1]",136.4999999999968,"[42, 32]","[13.850000000000062, 0]","[0, 0]",34
44,"[0, 1]",145.24999999999878,"[40, 40]","[0, 0]","[0, 0]",34
45,"[2, 3]",167.3500000000038,"[43, -999]","[13.250000000000053, 0]","[0, 0]",34
46,"[0, 1]",146.29999999999902,"[44, 44]","[0.49999999999999994, 0]","[0, 0]",34
47,"[0, 1]",152.25000000000037,"[46, 49]","[2.8999999999999977, 0]","[2.3999999999999995, 0]",34
48,"[2, 1]",142.49999999999815,"[45, 37]","[12.500000000000043, 0]","[0, 0]",34
49,"[2, 1]",160.60000000000227,"[48, 46]","[21.55000000000017, 0]","[9.850000000000005, 0]",34
50,"[2, 3]",189.6000000000089,"[49, 38]","[10.95000000000002, 0]","[0, 0]",34
51,"[2, 1]",166.9000000000037,"[50, 52]","[10.15000000000001, 0]","[0, 0]",34
52,"[0, 1]",152.65000000000046,"[47, 47]","[0, 0]","[0, 0]",34
53,"[2, 3]",197.60000000001068,"[51, 50]","[9.349999999999998, 0]","[0, 0]",34
54,"[2, 1]",172.75000000000503,"[53, 57]","[9.850000000000005, 0]","[0, 0]",34
55,"[2, 1]",189.8500000000089,"[54, 60]","[16.750000000000103, 0]","[6.449999999999985, 0]",34
56,"[0, 1]",158.0500000000017,"[52, 51]","[2.3999999999999995, 0]","[2.3999999999999995, 0]",34
57,"[0, 1]",158.5000000000018,"[56, 56]","[0, 0]","[0, 0]",34
58,"[0, 1]",165.1500000000033,"[57, 54]","[3.099999999999997, 0]","[3.099999999999997, 0]",34
59,"[0, 1]",164.85000000000323,"[58, 58]","[3.049999999999997, 0]","[0, 0]",34
60,"[0, 1]",165.6000000000034,"[59, 59]","[4.449999999999992, 0]","[0, 0]",34
61,"[0, 1]",171.50000000000475,"[60, 55]","[7.499999999999981, 0]","[2.5999999999999988, 0]",34
62,"[2, 1]",194.75000000001003,"[55, 61]","[10.90000000000002, 0]","[0, 0]",34
63,"[0, 1]",177.10000000000602,"[61, 62]","[7.89999999999998, 0]","[2.7499999999999982, 0]",34
64,"[0, 1]",182.95000000000732,"[63, 69]","[7.94999999999998, 0]","[2.6499999999999986, 0]",34
65,"[0, 3]",211.3500000000138,"[64, -999]","[5.449999999999989, 0]","[0, 0]",34
66,"[0, 1]",183.25000000000745,"[65, 79]","[5.549999999999988, 0]","[0, 0]",34
67,"[0, 1]",184.25000000000765,"[66, 66]","[5.949999999999987, 0]","[0, 0]",34
68,"[0, 1]",184.80000000000777,"[67, 67]","[6.549999999999985, 0]","[0, 0]",34
69,"[2, 1]",200.4000000000113,"[62, 63]","[11.300000000000026, 0]","[0, 0]",34
70,"[0, 3]",214.25000000001447,"[68, 65]","[6.949999999999983, 0]","[0, 0]",34
71,"[0, 1]",181.1500000000069,"[70, 68]","[7.299999999999982, 0]","[0, 0]",34
72,"[0, 1]",177.4500000000061,"[71, 71]","[7.7499999999999805, 0]","[0, 0]",34
73,"[0, 1]",173.4500000000052,"[72, 72]","[8.14999999999998, 0]","[0, 0]",34
74,"[0, 1]",169.45000000000428,"[73, 73]","[8.599999999999987, 0]","[0, 0]",34
75,"[0, 1]",165.70000000000343,"[74, 74]","[9.099999999999994, 0]","[0, 0]",34
76,"[0, 1]",151.1000000000001,"[75, 75]","[3.8499999999999943, 0]","[0, 0]",34
77,"[0, 1]",151.40000000000018,"[76, 76]","[4.399999999999992, 0]","[0, 0]",34
78,"[0, 3]",182.1000000000072,"[77, 70]","[5.399999999999989, 0]","[0, 0]",34
79,"[2, 1]",205.6000000000125,"[69, 64]","[11.700000000000031, 0]","[0, 0]",34
0,"[2, 1]",36.40000000000007,"[-999, -999]","[0, 0]","[0, 0]",35
1,"[2, 1]",38.09999999999997,"[0, 0]","[0, 0]","[0, 0]",35
2,"[2, 1]",39.89999999999987,"[1, 1]","[0, 0]","[0, 0]",35
3,"[2, 1]",41.79999999999976,"[2, 2]","[0, 0]","[0, 0]",35
4,"[2, 1]",43.54999999999966,"[3, 3]","[0, 0]","[0, 0]",35
5,"[2, 1]",45.04999999999958,"[4, 4]","[0, 0]","[0, 0]",35
6,"[2, 1]",46.349999999999504,"[5, 5]","[0, 0]","[0, 0]",35
7,"[2, 1]",47.34999999999945,"[6, 6]","[0, 0]","[0, 0]",35
8,"[2, 1]",48.449999999999385,"[7, 7]","[0, 0]","[0, 0]",35
9,"[2, 1]",56.54999999999893,"[8, 14]","[2.7499999999999982, 0]","[2.7499999999999982, 0]",35
10,"[2, 1]",61.54999999999864,"[9, 15]","[0, 0]","[0, 0]",35
11,"[2, 1]",66.49999999999837,"[10, 16]","[0, 0]","[0, 0]",35
12,"[2, 1]",71.99999999999805,"[11, 17]","[14.900000000000077, 0]","[0, 0]",35
13,"[2, 1]",78.2999999999977,"[12, 19]","[20.10000000000015, 0]","[0, 0]",35
14,"[0, 1]",67.6499999999983,"[-999, 8]","[0, 0]","[0, 0]",35
15,"[0, 1]",74.19999999999793,"[14, 9]","[0, 0]","[0, 0]",35
16,"[0, 1]",80.69999999999756,"[15, 10]","[2.6999999999999984, 0]","[2.6999999999999984, 0]",35
17,"[0, 1]",85.79999999999727,"[16, 11]","[2.549999999999999, 0]","[2.549999999999999, 0]",35
18,"[0, 3]",112.14999999999576,"[17, -999]","[0, 0]","[0, 0]",35
19,"[0, 1]",85.79999999999727,"[18, 12]","[0, 0]","[0, 0]",35
20,"[2, 1]",83.64999999999739,"[13, 21]","[17.750000000000117, 0]","[0, 0]",35
21,"[0, 1]",91.09999999999695,"[19, 13]","[2.3999999999999995, 0]","[2.3999999999999995, 0]",35
22,"[2, 1]",89.19999999999708,"[20, 23]","[16.050000000000093, 0]","[0, 0]",35
23,"[0, 1]",96.49999999999666,"[21, 20]","[2.6499999999999986, 0]","[2.6499999999999986, 0]",35
24,"[0, 1]",102.59999999999631,"[23, 22]","[2.799999999999998, 0]","[2.799999999999998, 0]",35
25,"[0, 1]",107.74999999999602,"[24, 27]","[2.25, 0]","[2.25, 0]",35
26,"[0, 1]",112.84999999999572,"[25, 32]","[2.25, 0]","[2.25, 0]",35
27,"[2, 1]",94.39999999999678,"[22, 24]","[14.550000000000072, 0]","[0, 0]",35
28,"[0, 1]",112.24999999999577,"[26, 26]","[0, 0]","[0, 0]",35
29,"[0, 1]",112.84999999999572,"[28, 28]","[0, 0]","[0, 0]",35
30,"[0, 1]",118.24999999999542,"[29, 35]","[2.4499999999999993, 0]","[2.4499999999999993, 0]",35
31,"[0, 1]",124.64999999999506,"[30, 36]","[2.1000000000000005, 0]","[2.1000000000000005, 0]",35
32,"[2, 1]",99.89999999999648,"[27, 25]","[13.100000000000051, 0]","[0, 0]",35
33,"[2, 3]",130.99999999999554,"[32, -999]","[11.65000000000003, 0]","[0, 0]",35
34,"[2, 3]",133.99999999999622,"[33, 33]","[10.25000000000001, 0]","[0, 0]",35
35,"[2, 1]",108.149999999996,"[34, 29]","[8.84999999999999, 0]","[0, 0]",35
36,"[2, 1]",113.74999999999568,"[35, 30]","[7.549999999999981, 0]","[0, 0]",35
37,"[0, 1]",124.0499999999951,"[31, 31]","[0, 0]","[0, 0]",35
38,"[2, 3]",143.89999999999847,"[36, 34]","[7.79999999999998, 0]","[0, 0]",35
39,"[0, 3]",154.00000000000077,"[37, 38]","[0, 0]","[0, 0]",35
40,"[0, 1]",125.699999999995,"[39, 41]","[0, 0]","[0, 0]",35
41,"[2, 1]",119.29999999999536,"[38, 37]","[8.999999999999993, 0]","[0, 0]",35
42,"[0, 1]",126.79999999999494,"[40, 40]","[0, 0]","[0, 0]",35
43,"[2, 1]",137.79999999999708,"[41, 44]","[19.95000000000015, 0]","[9.800000000000004, 0]",35
44,"[0, 1]",127.89999999999488,"[42, 42]","[0.65, 0]","[0, 0]",35
45,"[2, 1]",142.7499999999982,"[43, 46]","[10.25000000000001, 0]","[0, 0]",35
46,"[0, 1]",133.8499999999962,"[44, 43]","[3.5499999999999954, 0]","[2.3999999999999995, 0]",35
47,"[2, 1]",150.24999999999991,"[45, 51]","[11.850000000000033, 0]","[1.950000000000001, 0]",35
48,"[2, 3]",179.1500000000065,"[47, 49]","[14.45000000000007, 0]","[0, 0]",35
49,"[0, 3]",163.800000000003,"[46, 39]","[1.5500000000000007, 0]","[0, 0]",35
50,"[2, 1]",156.15000000000126,"[48, 56]","[15.950000000000092, 0]","[0, 0]",35
51,"[0, 1]",135.44999999999655,"[49, 45]","[2.0500000000000007, 0]","[0, 0]",35
52,"[0, 1]",141.54999999999794,"[51, 47]","[5.14999999999999, 0]","[2.6999999999999984, 0]",35
53,"[2, 3]",186.4000000000081,"[50, 48]","[18.850000000000133, 0]","[0, 0]",35
54,"[2, 3]",189.45000000000883,"[53, 53]","[22.700000000000188, 0]","[0, 0]",35
55,"[2, 3]",191.9500000000094,"[54, 54]","[25.550000000000228, 0]","[0, 0]",35
56,"[0, 1]",141.799999999998,"[52, 52]","[2.8999999999999977, 0]","[0, 0]",35
57,"[0, 1]",147.0999999999992,"[56, 50]","[5.699999999999988, 0]","[2.4499999999999993, 0]",35
58,"[2, 1]",162.65000000000273,"[55, 61]","[28.100000000000264, 0]","[0, 0]",35
59,"[0, 1]",147.5499999999993,"[57, 57]","[3.5499999999999954, 0]","[0, 0]",35
60,"[2, 1]",171.00000000000463,"[58, 63]","[28.900000000000276, 0]","[0, 0]",35
61,"[0, 1]",148.59999999999954,"[59, 59]","[3.7999999999999945, 0]","[0, 0]",35
62,"[0, 3]",183.2000000000074,"[61, 55]","[4.049999999999994, 0]","[0, 0]",35
63,"[0, 1]",154.6000000000009,"[62, 58]","[4.249999999999993, 0]","[0, 0]",35
64,"[0, 1]",161.30000000000243,"[63, 60]","[6.549999999999985, 0]","[2.1500000000000004, 0]",35
65,"[0, 3]",189.8000000000089,"[64, 62]","[4.599999999999992, 0]","[0, 0]",35
66,"[0, 3]",192.15000000000944,"[65, 65]","[4.749999999999991, 0]","[0, 0]",35
67,"[0, 1]",163.65000000000296,"[66, 64]","[4.899999999999991, 0]","[0, 0]",35
68,"[0, 1]",164.7000000000032,"[67, 67]","[5.09999999999999, 0]","[0, 0]",35
69,"[0, 1]",165.45000000000337,"[68, 68]","[5.249999999999989, 0]","[0, 0]",35
70,"[0, 1]",164.85000000000323,"[69, 69]","[5.399999999999989, 0]","[0, 0]",35
71,"[0, 1]",160.7500000000023,"[70, 70]","[5.549999999999988, 0]","[0, 0]",35
72,"[0, 1]",156.55000000000135,"[71, 71]","[5.699999999999988, 0]","[0, 0]",35
73,"[0, 1]",155.050000000001,"[72, 72]","[5.849999999999987, 0]","[0, 0]",35
74,"[0, 1]",154.5500000000009,"[73, 73]","[5.09999999999999, 0]","[0, 0]",35
75,"[0, 1]",144.8999999999987,"[74, 74]","[0.9000000000000002, 0]","[0, 0]",35
76,"[0, 1]",145.69999999999888,"[75, 75]","[1.2000000000000004, 0]","[0, 0]",35
77,"[0, 1]",146.54999999999907,"[76, 76]","[1.5000000000000007, 0]","[0, 0]",35
78,"[0, 1]",147.34999999999926,"[77, 77]","[1.7000000000000008, 0]","[0, 0]",35
79,"[0, 1]",147.9999999999994,"[78, 78]","[1.900000000000001, 0]","[0, 0]",35
0,"[2, 1]",36.40000000000007,"[-999, -999]","[0, 0]","[0, 0]",36
1,"[2, 1]",38.09999999999997,"[0, 0]","[0, 0]","[0, 0]",36
2,"[2, 1]",39.89999999999987,"[1, 1]","[0, 0]","[0, 0]",36
3,"[2, 1]",41.79999999999976,"[2, 2]","[0, 0]","[0, 0]",36
4,"[2, 1]",43.54999999999966,"[3, 3]","[0, 0]","[0, 0]",36
5,"[2, 1]",45.04999999999958,"[4, 4]","[0, 0]","[0, 0]",36
6,"[2, 1]",46.349999999999504,"[5, 5]","[0, 0]","[0, 0]",36
7,"[2, 1]",47.39999999999944,"[6, 6]","[0, 0]","[0, 0]",36
8,"[2, 1]",48.49999999999938,"[7, 7]","[0, 0]","[0, 0]",36
9,"[2, 1]",56.59999999999892,"[8, 14]","[2.8999999999999977, 0]","[2.8999999999999977, 0]",36
10,"[2, 1]",61.59999999999864,"[9, 15]","[0, 0]","[0, 0]",36
11,"[2, 1]",66.69999999999835,"[10, 16]","[0, 0]","[0, 0]",36
12,"[2, 3]",96.69999999999663,"[11, -999]","[11.500000000000028, 0]","[0, 0]",36
13,"[2, 1]",72.69999999999801,"[12, 18]","[20.250000000000153, 0]","[0, 0]",36
14,"[0, 1]",67.6999999999983,"[-999, 8]","[0, 0]","[0, 0]",36
15,"[0, 1]",74.24999999999793,"[14, 9]","[0.15000000000000002, 0]","[0.15000000000000002, 0]",36
16,"[0, 1]",80.84999999999755,"[15, 10]","[2.3499999999999996, 0]","[2.3499999999999996, 0]",36
17,"[0, 1]",85.89999999999726,"[16, 11]","[2.6499999999999986, 0]","[2.6499999999999986, 0]",36
18,"[0, 1]",85.3499999999973,"[17, 17]","[0, 0]","[0, 0]",36
19,"[0, 1]",91.59999999999694,"[18, 13]","[3.149999999999997, 0]","[3.149999999999997, 0]",36
20,"[2, 1]",84.79999999999733,"[13, 21]","[21.050000000000164, 0]","[3.149999999999997, 0]",36
21,"[0, 1]",91.24999999999696,"[19, 19]","[0, 0]","[0, 0]",36
22,"[2, 1]",89.64999999999705,"[20, 24]","[16.250000000000096, 0]","[0, 0]",36
23,"[2, 1]",89.74999999999704,"[22, 22]","[14.700000000000074, 0]","[0, 0]",36
24,"[0, 1]",96.84999999999664,"[21, 20]","[2.549999999999999, 0]","[2.549999999999999, 0]",36
25,"[0, 3]",126.74999999999494,"[24, 12]","[0, 0]","[0, 0]",36
26,"[0, 1]",104.7499999999962,"[25, 23]","[3.2999999999999963, 0]","[3.149999999999997, 0]",36
27,"[2, 1]",97.09999999999664,"[23, 26]","[13.250000000000053, 0]","[0, 0]",36
28,"[0, 1]",110.04999999999588,"[26, 27]","[3.1999999999999966, 0]","[2.1500000000000004, 0]",36
29,"[2, 1]",108.39999999999598,"[27, 30]","[14.200000000000067, 0]","[2.3999999999999995, 0]",36
30,"[0, 1]",109.44999999999592,"[28, 28]","[1.4500000000000006, 0]","[0, 0]",36
31,"[0, 1]",114.9499999999956,"[30, 29]","[4.099999999999993, 0]","[2.4499999999999993, 0]",36
32,"[2, 1]",119.04999999999538,"[29, 35]","[12.950000000000049, 0]","[2.5999999999999988, 0]",36
33,"[2, 1]",123.9999999999951,"[32, 37]","[8.899999999999991, 0]","[0, 0]",36
34,"[2, 1]",130.24999999999537,"[33, 39]","[8.599999999999987, 0]","[0, 0]",36
35,"[0, 1]",115.2999999999956,"[31, 31]","[1.850000000000001, 0]","[0, 0]",36
36,"[2, 1]",135.6999999999966,"[34, 44]","[8.949999999999992, 0]","[0, 0]",36
37,"[0, 1]",121.14999999999526,"[35, 32]","[4.6499999999999915, 0]","[2.549999999999999, 0]",36
38,"[0, 3]",150.95000000000007,"[37, -999]","[2.499999999999999, 0]","[0, 0]",36
39,"[0, 1]",122.2999999999952,"[38, 33]","[3.4499999999999957, 0]","[0, 0]",36
40,"[2, 3]",165.95000000000348,"[36, 38]","[10.000000000000007, 0]","[0, 0]",36
41,"[2, 1]",148.09999999999943,"[40, 52]","[13.100000000000051, 0]","[1.950000000000001, 0]",36
42,"[2, 3]",176.90000000000595,"[41, 40]","[12.30000000000004, 0]","[0, 0]",36
43,"[2, 1]",154.05000000000078,"[42, 56]","[21.050000000000164, 0]","[0, 0]",36
44,"[0, 1]",127.94999999999489,"[39, 34]","[6.649999999999984, 0]","[2.499999999999999, 0]",36
45,"[0, 1]",134.3499999999963,"[44, 36]","[6.399999999999985, 0]","[2.3, 0]",36
46,"[0, 1]",133.74999999999616,"[45, 45]","[3.899999999999994, 0]","[0, 0]",36
47,"[2, 1]",165.30000000000334,"[43, 58]","[27.15000000000025, 0]","[2.6999999999999984, 0]",36
48,"[2, 1]",170.20000000000445,"[47, 59]","[27.300000000000253, 0]","[0, 0]",36
49,"[2, 1]",181.50000000000705,"[48, 61]","[33.55000000000023, 0]","[2.6999999999999984, 0]",36
50,"[2, 3]",213.20000000001423,"[49, 62]","[34.75000000000016, 0]","[0, 0]",36
51,"[2, 1]",189.65000000000887,"[50, 64]","[40.74999999999982, 0]","[0, 0]",36
52,"[0, 1]",134.2999999999963,"[46, 46]","[3.5499999999999954, 0]","[0, 0]",36
53,"[0, 1]",140.14999999999762,"[52, 41]","[5.599999999999988, 0]","[2.3999999999999995, 0]",36
54,"[2, 1]",189.55000000000885,"[51, 51]","[43.149999999999686, 0]","[0, 0]",36
55,"[2, 1]",203.05000000001192,"[54, 68]","[47.79999999999942, 0]","[2.6999999999999984, 0]",36
56,"[0, 1]",140.4499999999977,"[53, 53]","[2.799999999999998, 0]","[0, 0]",36
57,"[0, 1]",145.7999999999989,"[56, 43]","[6.099999999999986, 0]","[2.549999999999999, 0]",36
58,"[0, 1]",146.29999999999902,"[57, 57]","[3.899999999999994, 0]","[0, 0]",36
59,"[0, 1]",152.20000000000036,"[58, 47]","[6.749999999999984, 0]","[2.5999999999999988, 0]",36
60,"[0, 1]",157.75000000000162,"[59, 48]","[7.049999999999983, 0]","[2.6999999999999984, 0]",36
61,"[0, 1]",157.85000000000164,"[60, 60]","[4.699999999999991, 0]","[0, 0]",36
62,"[0, 3]",188.5000000000086,"[61, -999]","[5.04999999999999, 0]","[0, 0]",36
63,"[0, 1]",160.7500000000023,"[62, 49]","[5.4999999999999885, 0]","[0, 0]",36
64,"[0, 1]",161.6500000000025,"[63, 63]","[7.199999999999982, 0]","[0, 0]",36
65,"[2, 3]",232.60000000001864,"[55, 66]","[48.34999999999939, 0]","[0, 0]",36
66,"[0, 3]",192.9000000000096,"[64, 50]","[8.09999999999998, 0]","[0, 0]",36
67,"[0, 1]",168.90000000000416,"[66, 54]","[10.700000000000017, 0]","[2.3499999999999996, 0]",36
68,"[0, 1]",169.5500000000043,"[67, 67]","[8.399999999999984, 0]","[0, 0]",36
69,"[0, 1]",175.00000000000554,"[68, 55]","[11.800000000000033, 0]","[2.3999999999999995, 0]",36
70,"[0, 1]",170.30000000000447,"[69, 69]","[10.20000000000001, 0]","[0, 0]",36
71,"[0, 1]",170.8500000000046,"[70, 70]","[10.300000000000011, 0]","[0, 0]",36
72,"[0, 1]",171.60000000000477,"[71, 71]","[10.600000000000016, 0]","[0, 0]",36
73,"[0, 1]",167.55000000000385,"[72, 72]","[10.95000000000002, 0]","[0, 0]",36
74,"[0, 1]",167.20000000000377,"[73, 73]","[9.950000000000006, 0]","[0, 0]",36
75,"[0, 1]",157.6000000000016,"[74, 74]","[5.09999999999999, 0]","[0, 0]",36
76,"[2, 3]",235.4500000000193,"[65, 65]","[51.54999999999921, 0]","[0, 0]",36
77,"[0, 1]",158.1500000000017,"[75, 75]","[5.09999999999999, 0]","[0, 0]",36
78,"[0, 3]",183.35000000000744,"[77, 76]","[5.599999999999988, 0]","[0, 0]",36
79,"[0, 1]",155.75000000000117,"[78, 77]","[6.349999999999985, 0]","[0, 0]",36
0,"[2, 1]",36.40000000000007,"[-999, -999]","[0, 0]","[0, 0]",37
1,"[2, 1]",38.09999999999997,"[0, 0]","[0, 0]","[0, 0]",37
2,"[2, 1]",39.89999999999987,"[1, 1]","[0, 0]","[0, 0]",37
3,"[2, 1]",41.79999999999976,"[2, 2]","[0, 0]","[0, 0]",37
4,"[0, 3]",96.59999999999664,"[-999, -999]","[0, 0]","[0, 0]",37
5,"[2, 1]",43.54999999999966,"[3, 3]","[0, 0]","[0, 0]",37
6,"[2, 1]",45.04999999999958,"[5, 5]","[0, 0]","[0, 0]",37
7,"[2, 1]",46.349999999999504,"[6, 6]","[0, 0]","[0, 0]",37
8,"[2, 1]",47.34999999999945,"[7, 7]","[0, 0]","[0, 0]",37
9,"[2, 1]",48.449999999999385,"[8, 8]","[0, 0]","[0, 0]",37
10,"[2, 1]",54.64999999999903,"[9, 12]","[0, 0]","[0, 0]",37
11,"[2, 1]",60.4499999999987,"[10, 15]","[0, 0]","[0, 0]",37
12,"[0, 1]",68.39999999999826,"[4, 9]","[0, 0]","[0, 0]",37
13,"[2, 1]",66.14999999999839,"[11, 16]","[0, 0]","[0, 0]",37
14,"[2, 3]",96.84999999999664,"[13, 4]","[20.00000000000015, 0]","[0.05, 0]",37
15,"[0, 1]",76.74999999999778,"[12, 10]","[2.000000000000001, 0]","[2.000000000000001, 0]",37
16,"[0, 1]",82.19999999999747,"[15, 11]","[2.1000000000000005, 0]","[2.1000000000000005, 0]",37
17,"[0, 1]",87.39999999999718,"[16, 13]","[2.0500000000000007, 0]","[2.0500000000000007, 0]",37
18,"[0, 1]",86.84999999999721,"[17, 17]","[0, 0]","[0, 0]",37
19,"[0, 1]",87.49999999999717,"[18, 18]","[0, 0]","[0, 0]",37
20,"[0, 1]",93.34999999999684,"[19, 27]","[2.4499999999999993, 0]","[2.4499999999999993, 0]",37
21,"[0, 1]",93.69999999999682,"[20, 20]","[0, 0]","[0, 0]",37
22,"[0, 1]",99.54999999999649,"[21, 29]","[2.5999999999999988, 0]","[2.5999999999999988, 0]",37
23,"[0, 1]",105.54999999999616,"[22, 32]","[2.849999999999998, 0]","[2.849999999999998, 0]",37
24,"[0, 1]",110.69999999999584,"[23, 34]","[2.1500000000000004, 0]","[2.1500000000000004, 0]",37
25,"[0, 1]",115.79999999999556,"[24, 35]","[2.3499999999999996, 0]","[2.3499999999999996, 0]",37
26,"[0, 1]",120.94999999999528,"[25, 36]","[2.499999999999999, 0]","[2.499999999999999, 0]",37
27,"[2, 1]",78.89999999999766,"[14, 19]","[22.700000000000188, 0]","[2.9499999999999975, 0]",37
28,"[0, 1]",126.04999999999498,"[26, 42]","[2.4499999999999993, 0]","[2.4499999999999993, 0]",37
29,"[2, 1]",89.49999999999706,"[27, 21]","[20.550000000000157, 0]","[3.099999999999997, 0]",37
30,"[0, 3]",157.40000000000154,"[28, 45]","[2.1000000000000005, 0]","[2.1000000000000005, 0]",37
31,"[0, 1]",129.59999999999522,"[30, 47]","[0, 0]","[0, 0]",37
32,"[2, 1]",94.34999999999678,"[29, 22]","[15.700000000000088, 0]","[0, 0]",37
33,"[0, 3]",161.85000000000255,"[31, 49]","[0.35, 0]","[0, 0]",37
34,"[2, 1]",99.44999999999648,"[32, 23]","[14.250000000000068, 0]","[0, 0]",37
35,"[2, 1]",104.99999999999618,"[34, 24]","[12.800000000000047, 0]","[0, 0]",37
36,"[2, 1]",110.44999999999588,"[35, 25]","[11.350000000000026, 0]","[0, 0]",37
37,"[0, 1]",132.49999999999588,"[33, 31]","[0.9500000000000003, 0]","[0, 0]",37
38,"[0, 1]",133.59999999999613,"[37, 37]","[0.8000000000000002, 0]","[0, 0]",37
39,"[0, 1]",134.7499999999964,"[38, 38]","[0.44999999999999996, 0]","[0, 0]",37
40,"[0, 1]",135.79999999999663,"[39, 39]","[0, 0]","[0, 0]",37
41,"[0, 1]",142.6999999999982,"[40, 51]","[2.499999999999999, 0]","[2.499999999999999, 0]",37
42,"[2, 1]",115.99999999999557,"[36, 26]","[9.950000000000006, 0]","[0, 0]",37
43,"[0, 1]",142.19999999999808,"[41, 41]","[0, 0]","[0, 0]",37
44,"[0, 1]",148.49999999999952,"[43, 55]","[4.499999999999992, 0]","[3.099999999999997, 0]",37
45,"[2, 3]",146.79999999999913,"[42, -999]","[8.499999999999986, 0]","[0, 0]",37
46,"[0, 1]",148.34999999999948,"[44, 44]","[3.049999999999997, 0]","[0, 0]",37
47,"[2, 1]",119.19999999999536,"[45, 28]","[8.549999999999986, 0]","[0, 0]",37
48,"[0, 1]",149.19999999999968,"[46, 46]","[4.599999999999992, 0]","[0, 0]",37
49,"[2, 3]",152.8000000000005,"[47, 30]","[9.099999999999994, 0]","[0, 0]",37
50,"[2, 3]",160.55000000000226,"[49, 33]","[11.700000000000031, 0]","[0, 0]",37
51,"[2, 1]",147.74999999999935,"[50, 40]","[22.400000000000183, 0]","[9.850000000000005, 0]",37
52,"[0, 1]",155.050000000001,"[48, 66]","[7.7499999999999805, 0]","[2.4499999999999993, 0]",37
53,"[2, 3]",177.75000000000617,"[51, 50]","[18.350000000000126, 0]","[0, 0]",37
54,"[0, 3]",184.9500000000078,"[52, 53]","[5.649999999999988, 0]","[0, 0]",37
55,"[2, 1]",153.05000000000055,"[53, 43]","[20.65000000000016, 0]","[0, 0]",37
56,"[0, 1]",157.05000000000146,"[54, 76]","[5.849999999999987, 0]","[0, 0]",37
57,"[0, 1]",157.9500000000017,"[56, 56]","[6.849999999999984, 0]","[0, 0]",37
58,"[0, 1]",159.05000000000192,"[57, 57]","[7.84999999999998, 0]","[0, 0]",37
59,"[0, 1]",160.10000000000215,"[58, 58]","[7.94999999999998, 0]","[0, 0]",37
60,"[0, 1]",161.10000000000238,"[59, 59]","[7.599999999999981, 0]","[0, 0]",37
61,"[0, 1]",162.1000000000026,"[60, 60]","[7.199999999999982, 0]","[0, 0]",37
62,"[0, 1]",163.10000000000284,"[61, 61]","[7.299999999999982, 0]","[0, 0]",37
63,"[0, 1]",163.90000000000302,"[62, 62]","[7.94999999999998, 0]","[0, 0]",37
64,"[0, 1]",161.2000000000024,"[63, 63]","[8.199999999999982, 0]","[0, 0]",37
65,"[0, 1]",160.55000000000226,"[64, 64]","[8.349999999999984, 0]","[0, 0]",37
66,"[2, 1]",170.30000000000447,"[55, 48]","[28.950000000000276, 0]","[6.349999999999985, 0]",37
67,"[0, 1]",146.249999999999,"[65, 65]","[2.2, 0]","[0, 0]",37
68,"[0, 1]",145.64999999999887,"[67, 67]","[1.1000000000000003, 0]","[0, 0]",37
69,"[0, 1]",141.04999999999782,"[68, 68]","[1.950000000000001, 0]","[0, 0]",37
70,"[0, 1]",141.74999999999798,"[69, 69]","[2.3, 0]","[0, 0]",37
71,"[0, 1]",141.94999999999803,"[70, 70]","[3.899999999999994, 0]","[0, 0]",37
72,"[0, 1]",133.69999999999615,"[71, 71]","[3.649999999999995, 0]","[0, 0]",37
73,"[0, 1]",133.8999999999962,"[72, 72]","[4.249999999999993, 0]","[0, 0]",37
74,"[0, 1]",134.69999999999638,"[73, 73]","[4.399999999999992, 0]","[0, 0]",37
75,"[0, 1]",135.59999999999658,"[74, 74]","[4.199999999999993, 0]","[0, 0]",37
76,"[2, 1]",175.10000000000556,"[66, 52]","[23.700000000000202, 0]","[0, 0]",37
77,"[0, 1]",136.5499999999968,"[75, 75]","[3.699999999999995, 0]","[0, 0]",37
78,"[0, 3]",167.15000000000376,"[77, -999]","[2.849999999999998, 0]","[0, 0]",37
79,"[0, 1]",134.3499999999963,"[78, 77]","[2.6499999999999986, 0]","[0, 0]",37
0,"[2, 1]",36.40000000000007,"[-999, -999]","[0, 0]","[0, 0]",38
1,"[2, 1]",38.09999999999997,"[0, 0]","[0, 0]","[0, 0]",38
2,"[2, 1]",39.89999999999987,"[1, 1]","[0, 0]","[0, 0]",38
3,"[2, 1]",41.79999999999976,"[2, 2]","[0, 0]","[0, 0]",38
4,"[0, 3]",96.59999999999664,"[-999, -999]","[0, 0]","[0, 0]",38
5,"[2, 1]",43.54999999999966,"[3, 3]","[0, 0]","[0, 0]",38
6,"[2, 1]",45.04999999999958,"[5, 5]","[0, 0]","[0, 0]",38
7,"[2, 1]",46.349999999999504,"[6, 6]","[0, 0]","[0, 0]",38
8,"[2, 1]",47.39999999999944,"[7, 7]","[0, 0]","[0, 0]",38
9,"[2, 1]",48.49999999999938,"[8, 8]","[0, 0]","[0, 0]",38
10,"[2, 1]",54.59999999999904,"[9, 12]","[0, 0]","[0, 0]",38
11,"[2, 1]",60.24999999999872,"[10, 15]","[0, 0]","[0, 0]",38
12,"[0, 1]",68.39999999999826,"[4, 9]","[0, 0]","[0, 0]",38
13,"[2, 1]",65.8999999999984,"[11, 16]","[0, 0]","[0, 0]",38
14,"[2, 3]",96.59999999999664,"[13, 4]","[19.800000000000146, 0]","[0.05, 0]",38
15,"[0, 1]",76.4999999999978,"[12, 10]","[2.549999999999999, 0]","[2.549999999999999, 0]",38
16,"[0, 1]",81.99999999999748,"[15, 11]","[2.3499999999999996, 0]","[2.3499999999999996, 0]",38
17,"[0, 1]",87.19999999999719,"[16, 13]","[2.1500000000000004, 0]","[2.1500000000000004, 0]",38
18,"[0, 1]",86.54999999999723,"[17, 17]","[0, 0]","[0, 0]",38
19,"[0, 1]",87.19999999999719,"[18, 18]","[0, 0]","[0, 0]",38
20,"[0, 1]",93.34999999999684,"[19, 23]","[2.549999999999999, 0]","[2.549999999999999, 0]",38
21,"[0, 1]",99.69999999999648,"[20, 27]","[1.7500000000000009, 0]","[1.7500000000000009, 0]",38
22,"[0, 1]",104.8499999999962,"[21, 29]","[2.2, 0]","[2.2, 0]",38
23,"[2, 1]",78.59999999999768,"[14, 19]","[22.80000000000019, 0]","[3.2499999999999964, 0]",38
24,"[0, 1]",109.8999999999959,"[22, 30]","[2.3499999999999996, 0]","[2.3499999999999996, 0]",38
25,"[0, 1]",114.8999999999956,"[24, 35]","[2.5999999999999988, 0]","[2.5999999999999988, 0]",38
26,"[0, 1]",119.89999999999532,"[25, 36]","[2.5999999999999988, 0]","[2.5999999999999988, 0]",38
27,"[2, 1]",83.74999999999739,"[23, 20]","[17.25000000000011, 0]","[0, 0]",38
28,"[0, 1]",124.99999999999504,"[26, 41]","[2.4499999999999993, 0]","[2.4499999999999993, 0]",38
29,"[2, 1]",89.09999999999708,"[27, 21]","[15.550000000000086, 0]","[0, 0]",38
30,"[2, 1]",94.64999999999677,"[29, 22]","[14.050000000000065, 0]","[0, 0]",38
31,"[0, 1]",130.04999999999532,"[28, 47]","[2.3999999999999995, 0]","[2.3999999999999995, 0]",38
32,"[0, 1]",135.04999999999646,"[31, 48]","[2.499999999999999, 0]","[2.499999999999999, 0]",38
33,"[0, 1]",134.49999999999633,"[32, 32]","[0, 0]","[0, 0]",38
34,"[0, 1]",141.09999999999783,"[33, 50]","[2.9499999999999975, 0]","[2.9499999999999975, 0]",38
35,"[2, 1]",100.09999999999646,"[30, 24]","[12.650000000000045, 0]","[0, 0]",38
36,"[2, 1]",105.49999999999616,"[35, 25]","[11.200000000000024, 0]","[0, 0]",38
37,"[0, 1]",140.4999999999977,"[34, 34]","[0, 0]","[0, 0]",38
38,"[0, 1]",145.99999999999895,"[37, 52]","[2.499999999999999, 0]","[2.499999999999999, 0]",38
39,"[0, 1]",152.05000000000032,"[38, 58]","[2.849999999999998, 0]","[2.849999999999998, 0]",38
40,"[0, 1]",157.10000000000147,"[39, 63]","[2.4499999999999993, 0]","[2.4499999999999993, 0]",38
41,"[2, 1]",110.94999999999584,"[36, 26]","[9.750000000000004, 0]","[0, 0]",38
42,"[0, 3]",185.50000000000796,"[40, -999]","[0, 0]","[0, 0]",38
43,"[0, 1]",156.8000000000014,"[42, 65]","[0.15000000000000002, 0]","[0, 0]",38
44,"[0, 1]",162.5500000000027,"[43, 76]","[3.5499999999999954, 0]","[2.499999999999999, 0]",38
45,"[0, 3]",192.50000000000952,"[44, 42]","[1.5000000000000007, 0]","[0, 0]",38
46,"[0, 1]",164.35000000000312,"[45, 78]","[1.900000000000001, 0]","[0, 0]",38
47,"[2, 1]",116.39999999999552,"[41, 28]","[8.349999999999984, 0]","[0, 0]",38
48,"[2, 1]",121.89999999999522,"[47, 31]","[8.199999999999982, 0]","[0, 0]",38
49,"[2, 3]",152.70000000000047,"[48, -999]","[8.549999999999986, 0]","[0, 0]",38
50,"[2, 1]",127.79999999999488,"[49, 33]","[8.399999999999984, 0]","[0, 0]",38
51,"[0, 1]",165.45000000000337,"[46, 46]","[2.2, 0]","[0, 0]",38
52,"[2, 1]",139.99999999999758,"[50, 37]","[9.700000000000003, 0]","[2.4499999999999993, 0]",38
53,"[0, 3]",196.60000000001045,"[51, 45]","[2.4499999999999993, 0]","[0, 0]",38
54,"[0, 3]",198.85000000001097,"[53, 53]","[2.6999999999999984, 0]","[0, 0]",38
55,"[0, 3]",200.45000000001133,"[54, 54]","[3.4499999999999957, 0]","[0, 0]",38
56,"[0, 1]",171.50000000000475,"[55, -999]","[4.049999999999994, 0]","[0, 0]",38
57,"[0, 1]",172.600000000005,"[56, 56]","[3.7499999999999947, 0]","[0, 0]",38
58,"[2, 1]",144.8999999999987,"[52, 38]","[8.549999999999986, 0]","[0, 0]",38
59,"[0, 1]",173.70000000000525,"[57, 57]","[3.399999999999996, 0]","[0, 0]",38
60,"[0, 1]",174.75000000000549,"[59, 59]","[3.5499999999999954, 0]","[0, 0]",38
61,"[0, 1]",175.60000000000568,"[60, 60]","[4.3499999999999925, 0]","[0, 0]",38
62,"[0, 3]",204.40000000001223,"[61, 55]","[4.699999999999991, 0]","[0, 0]",38
63,"[2, 1]",149.89999999999984,"[58, 39]","[10.000000000000007, 0]","[0, 0]",38
64,"[0, 1]",174.75000000000549,"[62, 61]","[5.04999999999999, 0]","[0, 0]",38
65,"[2, 1]",155.35000000000107,"[63, 40]","[10.350000000000012, 0]","[0, 0]",38
66,"[0, 1]",170.55000000000453,"[64, 64]","[5.249999999999989, 0]","[0, 0]",38
67,"[0, 1]",167.10000000000375,"[66, 66]","[5.549999999999988, 0]","[0, 0]",38
68,"[0, 1]",163.55000000000294,"[67, 67]","[5.749999999999988, 0]","[0, 0]",38
69,"[0, 1]",159.60000000000204,"[68, 68]","[5.949999999999987, 0]","[0, 0]",38
70,"[0, 1]",155.40000000000109,"[69, 69]","[6.199999999999986, 0]","[0, 0]",38
71,"[0, 1]",151.4500000000002,"[70, 70]","[6.449999999999985, 0]","[0, 0]",38
72,"[0, 1]",150.1499999999999,"[71, 71]","[6.549999999999985, 0]","[0, 0]",38
73,"[0, 1]",142.6999999999982,"[72, 72]","[4.699999999999991, 0]","[0, 0]",38
74,"[0, 1]",142.59999999999818,"[73, 73]","[3.999999999999994, 0]","[0, 0]",38
75,"[0, 1]",134.69999999999638,"[74, 74]","[1.3000000000000005, 0]","[0, 0]",38
76,"[2, 1]",161.80000000000254,"[65, 43]","[12.30000000000004, 0]","[0, 0]",38
77,"[0, 1]",134.64999999999637,"[75, 75]","[1.5000000000000007, 0]","[0, 0]",38
78,"[2, 1]",167.15000000000376,"[76, 44]","[13.650000000000059, 0]","[0, 0]",38
79,"[0, 1]",131.04999999999555,"[77, 77]","[1.7500000000000009, 0]","[0, 0]",38
0,"[2, 1]",36.40000000000007,"[-999, -999]","[0, 0]","[0, 0]",39
1,"[2, 3]",68.49999999999825,"[0, -999]","[0, 0]","[0, 0]",39
2,"[2, 1]",37.30000000000002,"[1, 0]","[0, 0]","[0, 0]",39
3,"[2, 1]",39.04999999999992,"[2, 2]","[0, 0]","[0, 0]",39
4,"[2, 3]",70.99999999999811,"[3, 1]","[0, 0]","[0, 0]",39
5,"[2, 1]",38.89999999999993,"[4, 3]","[0, 0]","[0, 0]",39
6,"[2, 1]",41.1999999999998,"[5, 5]","[0, 0]","[0, 0]",39
7,"[2, 1]",42.799999999999706,"[6, 6]","[0, 0]","[0, 0]",39
8,"[2, 1]",44.199999999999626,"[7, 7]","[0, 0]","[0, 0]",39
9,"[2, 1]",45.64999999999954,"[8, 8]","[0, 0]","[0, 0]",39
10,"[2, 1]",46.84999999999948,"[9, 9]","[0, 0]","[0, 0]",39
11,"[2, 1]",53.29999999999911,"[10, 14]","[2.3499999999999996, 0]","[2.3499999999999996, 0]",39
12,"[2, 3]",82.04999999999748,"[11, 4]","[0, 0]","[0, 0]",39
13,"[2, 1]",70.39999999999814,"[12, 19]","[9.750000000000004, 0]","[9.750000000000004, 0]",39
14,"[0, 1]",72.24999999999804,"[-999, 10]","[0, 0]","[2.4499999999999993, 0]",39
15,"[0, 1]",78.34999999999769,"[14, 11]","[2.3, 0]","[2.3, 0]",39
16,"[0, 1]",78.84999999999766,"[15, 15]","[0, 0]","[0, 0]",39
17,"[0, 1]",79.8499999999976,"[16, 16]","[0, 0]","[0, 0]",39
18,"[2, 1]",75.34999999999786,"[13, 20]","[0, 0]","[0, 0]",39
19,"[0, 1]",80.89999999999755,"[17, 17]","[0, 0]","[0, 0]",39
20,"[0, 1]",86.8999999999972,"[19, 13]","[2.4499999999999993, 0]","[2.4499999999999993, 0]",39
21,"[0, 1]",92.69999999999688,"[20, 18]","[2.7499999999999982, 0]","[2.7499999999999982, 0]",39
22,"[0, 1]",98.44999999999656,"[21, 23]","[2.4499999999999993, 0]","[2.4499999999999993, 0]",39
23,"[2, 1]",80.89999999999755,"[18, 21]","[22.550000000000185, 0]","[0, 0]",39
24,"[0, 1]",103.54999999999626,"[22, 32]","[2.3499999999999996, 0]","[2.3499999999999996, 0]",39
25,"[0, 1]",108.64999999999596,"[24, 34]","[2.3999999999999995, 0]","[2.3999999999999995, 0]",39
26,"[0, 1]",113.64999999999569,"[25, 35]","[2.549999999999999, 0]","[2.549999999999999, 0]",39
27,"[0, 3]",142.04999999999805,"[26, -999]","[0, 0]","[0, 0]",39
28,"[0, 1]",113.2999999999957,"[27, 39]","[0.5499999999999999, 0]","[0, 0]",39
29,"[0, 1]",118.8499999999954,"[28, 41]","[3.8499999999999943, 0]","[2.499999999999999, 0]",39
30,"[0, 1]",125.09999999999503,"[29, 43]","[4.099999999999993, 0]","[2.799999999999998, 0]",39
31,"[0, 1]",124.49999999999508,"[30, 30]","[1.1500000000000004, 0]","[0, 0]",39
32,"[2, 1]",86.29999999999724,"[23, 22]","[28.60000000000027, 0]","[0, 0]",39
33,"[0, 1]",131.2499999999956,"[31, 47]","[3.7499999999999947, 0]","[2.799999999999998, 0]",39
34,"[2, 1]",91.74999999999692,"[32, 24]","[26.250000000000238, 0]","[0, 0]",39
35,"[2, 1]",97.19999999999662,"[34, 25]","[24.600000000000215, 0]","[0, 0]",39
36,"[0, 1]",130.64999999999546,"[33, 33]","[0.7500000000000001, 0]","[0, 0]",39
37,"[0, 1]",137.399999999997,"[36, 69]","[3.2999999999999963, 0]","[2.849999999999998, 0]",39
38,"[0, 3]",165.95000000000348,"[37, 65]","[0, 0]","[0, 0]",39
39,"[2, 1]",102.64999999999633,"[35, 26]","[23.050000000000193, 0]","[0, 0]",39
40,"[0, 1]",138.64999999999728,"[38, 37]","[0, 0]","[0, 0]",39
41,"[2, 1]",108.79999999999596,"[39, 28]","[21.600000000000172, 0]","[0, 0]",39
42,"[0, 3]",169.9500000000044,"[40, 38]","[0, 0]","[0, 0]",39
43,"[2, 1]",114.24999999999564,"[41, 29]","[20.200000000000152, 0]","[0, 0]",39
44,"[0, 1]",142.49999999999815,"[42, 40]","[0.9500000000000003, 0]","[0, 0]",39
45,"[2, 3]",144.24999999999855,"[43, 27]","[18.75000000000013, 0]","[0, 0]",39
46,"[0, 1]",143.69999999999845,"[44, 44]","[2.1000000000000005, 0]","[0, 0]",39
47,"[2, 1]",119.69999999999534,"[45, 31]","[17.30000000000011, 0]","[0, 0]",39
48,"[0, 3]",174.90000000000552,"[46, 42]","[3.149999999999997, 0]","[0, 0]",39
49,"[0, 3]",177.25000000000605,"[48, 48]","[4.099999999999993, 0]","[0, 0]",39
50,"[0, 3]",178.8000000000064,"[49, 49]","[5.999999999999987, 0]","[0, 0]",39
51,"[0, 1]",149.89999999999984,"[50, -999]","[7.84999999999998, 0]","[0, 0]",39
52,"[0, 1]",151.00000000000009,"[51, 51]","[9.600000000000001, 0]","[0, 0]",39
53,"[0, 1]",152.05000000000032,"[52, 52]","[10.300000000000011, 0]","[0, 0]",39
54,"[0, 1]",153.10000000000056,"[53, 53]","[10.350000000000012, 0]","[0, 0]",39
55,"[0, 3]",184.1000000000076,"[54, 50]","[10.15000000000001, 0]","[0, 0]",39
56,"[0, 1]",156.85000000000142,"[55, 54]","[9.850000000000005, 0]","[0, 0]",39
57,"[0, 1]",157.9500000000017,"[56, 56]","[9.399999999999999, 0]","[0, 0]",39
58,"[0, 1]",158.85000000000187,"[57, 57]","[9.049999999999994, 0]","[0, 0]",39
59,"[0, 1]",151.5000000000002,"[58, 58]","[6.0499999999999865, 0]","[0, 0]",39
60,"[0, 1]",150.95000000000007,"[59, 59]","[5.299999999999989, 0]","[0, 0]",39
61,"[0, 1]",145.99999999999895,"[60, 60]","[6.449999999999985, 0]","[0, 0]",39
62,"[0, 1]",146.14999999999898,"[61, 61]","[7.199999999999982, 0]","[0, 0]",39
63,"[0, 1]",144.74999999999866,"[62, 62]","[7.94999999999998, 0]","[0, 0]",39
64,"[0, 1]",145.14999999999876,"[63, 63]","[8.09999999999998, 0]","[0, 0]",39
65,"[2, 3]",151.40000000000018,"[47, 45]","[15.900000000000091, 0]","[0, 0]",39
66,"[0, 1]",145.64999999999887,"[64, 64]","[7.7499999999999805, 0]","[0, 0]",39
67,"[0, 1]",140.9499999999978,"[66, 66]","[7.699999999999981, 0]","[0, 0]",39
68,"[0, 1]",141.14999999999785,"[67, 67]","[6.799999999999984, 0]","[0, 0]",39
69,"[2, 1]",126.69999999999494,"[65, 36]","[14.500000000000071, 0]","[0, 0]",39
70,"[0, 1]",133.99999999999622,"[68, 68]","[4.049999999999994, 0]","[0, 0]",39
71,"[0, 1]",133.69999999999615,"[70, 70]","[2.3499999999999996, 0]","[0, 0]",39
72,"[0, 1]",126.39999999999496,"[71, 71]","[0, 0]","[0, 0]",39
73,"[0, 1]",127.14999999999492,"[72, 72]","[0, 0]","[0, 0]",39
74,"[0, 1]",127.3999999999949,"[73, 73]","[0, 0]","[0, 0]",39
75,"[0, 1]",125.34999999999502,"[74, 74]","[0, 0]","[0, 0]",39
76,"[0, 3]",155.75000000000117,"[75, -999]","[0, 0]","[0, 0]",39
77,"[0, 1]",128.2499999999949,"[76, 75]","[0, 0]","[0, 0]",39
78,"[0, 1]",128.89999999999506,"[77, 77]","[0, 0]","[0, 0]",39
79,"[0, 1]",127.19999999999492,"[78, 78]","[0, 0]","[0, 0]",39
0,"[2, 1]",36.40000000000007,"[-999, -999]","[0, 0]","[0, 0]",40
1,"[2, 1]",38.09999999999997,"[0, 0]","[0, 0]","[0, 0]",40
2,"[2, 1]",39.89999999999987,"[1, 1]","[0, 0]","[0, 0]",40
3,"[2, 1]",41.79999999999976,"[2, 2]","[0, 0]","[0, 0]",40
4,"[2, 1]",43.54999999999966,"[3, 3]","[0, 0]","[0, 0]",40
5,"[2, 1]",45.04999999999958,"[4, 4]","[0, 0]","[0, 0]",40
6,"[2, 1]",46.349999999999504,"[5, 5]","[0, 0]","[0, 0]",40
7,"[2, 1]",47.34999999999945,"[6, 6]","[0, 0]","[0, 0]",40
8,"[2, 1]",48.49999999999938,"[7, 7]","[0, 0]","[0, 0]",40
9,"[2, 1]",69.99999999999817,"[8, 16]","[13.250000000000053, 0]","[13.250000000000053, 0]",40
10,"[2, 1]",74.04999999999794,"[9, 17]","[0, 0]","[0, 0]",40
11,"[2, 1]",80.59999999999756,"[10, 20]","[0, 0]","[0, 0]",40
12,"[0, 1]",68.94999999999823,"[-999, 8]","[0, 0]","[0, 0]",40
13,"[2, 1]",85.59999999999728,"[11, 21]","[28.000000000000263, 0]","[0, 0]",40
14,"[0, 1]",70.44999999999814,"[12, 12]","[0, 0]","[0, 0]",40
15,"[0, 1]",71.34999999999809,"[14, 14]","[0, 0]","[0, 0]",40
16,"[0, 1]",72.04999999999805,"[15, 15]","[0, 0]","[0, 0]",40
17,"[0, 1]",78.69999999999767,"[16, 9]","[1.4000000000000006, 0]","[1.4000000000000006, 0]",40
18,"[2, 1]",91.09999999999695,"[13, 23]","[33.70000000000022, 0]","[0, 0]",40
19,"[0, 3]",104.7999999999962,"[17, -999]","[0, 0]","[0, 0]",40
20,"[0, 1]",78.84999999999766,"[19, 10]","[0, 0]","[0, 0]",40
21,"[0, 1]",85.49999999999729,"[20, 11]","[2.499999999999999, 0]","[2.499999999999999, 0]",40
22,"[2, 1]",96.54999999999666,"[18, 24]","[31.35000000000031, 0]","[0, 0]",40
23,"[0, 1]",90.649999999997,"[21, 13]","[2.3499999999999996, 0]","[2.3499999999999996, 0]",40
24,"[0, 1]",95.64999999999672,"[23, 18]","[2.3999999999999995, 0]","[2.3999999999999995, 0]",40
25,"[2, 1]",101.89999999999635,"[22, 26]","[29.700000000000287, 0]","[0, 0]",40
26,"[0, 1]",100.64999999999642,"[24, 22]","[2.3499999999999996, 0]","[2.3499999999999996, 0]",40
27,"[2, 1]",107.39999999999604,"[25, 28]","[28.150000000000265, 0]","[0, 0]",40
28,"[0, 1]",105.64999999999614,"[26, 25]","[2.4499999999999993, 0]","[2.4499999999999993, 0]",40
29,"[2, 1]",112.89999999999571,"[27, 30]","[26.700000000000244, 0]","[0, 0]",40
30,"[0, 1]",110.74999999999584,"[28, 27]","[2.3999999999999995, 0]","[2.3999999999999995, 0]",40
31,"[0, 1]",115.79999999999556,"[30, 29]","[2.4499999999999993, 0]","[2.4499999999999993, 0]",40
32,"[0, 1]",120.79999999999528,"[31, 33]","[2.549999999999999, 0]","[2.549999999999999, 0]",40
33,"[2, 1]",118.24999999999542,"[29, 31]","[25.250000000000224, 0]","[0, 0]",40
34,"[2, 3]",149.09999999999965,"[33, -999]","[23.850000000000204, 0]","[0, 0]",40
35,"[0, 1]",120.14999999999532,"[32, 32]","[0, 0]","[0, 0]",40
36,"[2, 1]",124.19999999999509,"[34, 35]","[22.400000000000183, 0]","[0, 0]",40
37,"[0, 1]",126.89999999999492,"[35, 36]","[2.849999999999998, 0]","[2.849999999999998, 0]",40
38,"[0, 3]",158.0500000000017,"[37, 39]","[0, 0]","[0, 0]",40
39,"[2, 3]",155.80000000000118,"[36, 34]","[21.000000000000163, 0]","[0, 0]",40
40,"[0, 1]",130.49999999999542,"[38, 41]","[0, 0]","[0, 0]",40
41,"[2, 1]",128.04999999999487,"[39, 37]","[19.600000000000144, 0]","[0, 0]",40
42,"[0, 1]",130.69999999999547,"[40, 40]","[0, 0]","[0, 0]",40
43,"[2, 1]",147.0999999999992,"[41, 44]","[27.85000000000026, 0]","[9.700000000000003, 0]",40
44,"[0, 1]",131.6999999999957,"[42, 42]","[0, 0]","[0, 0]",40
45,"[2, 1]",152.0000000000003,"[43, 46]","[16.750000000000103, 0]","[0, 0]",40
46,"[0, 1]",137.64999999999705,"[44, 43]","[2.499999999999999, 0]","[2.499999999999999, 0]",40
47,"[2, 1]",151.9500000000003,"[45, 45]","[16.900000000000105, 0]","[0, 0]",40
48,"[0, 3]",167.50000000000384,"[46, 38]","[0, 0]","[0, 0]",40
49,"[2, 1]",165.1000000000033,"[47, 52]","[19.000000000000135, 0]","[2.3999999999999995, 0]",40
50,"[2, 3]",193.95000000000985,"[49, 48]","[15.700000000000088, 0]","[0, 0]",40
51,"[0, 1]",145.3999999999988,"[48, 47]","[3.5499999999999954, 0]","[3.5499999999999954, 0]",40
52,"[0, 1]",144.79999999999868,"[51, 51]","[0, 0]","[0, 0]",40
53,"[0, 1]",150.34999999999994,"[52, 49]","[2.5999999999999988, 0]","[2.5999999999999988, 0]",40
54,"[2, 3]",197.15000000001055,"[50, 50]","[15.85000000000009, 0]","[0, 0]",40
55,"[2, 3]",199.9000000000112,"[54, 54]","[15.400000000000084, 0]","[0, 0]",40
56,"[0, 1]",150.6,"[53, 53]","[0, 0]","[0, 0]",40
57,"[0, 1]",151.5500000000002,"[56, 56]","[0.15000000000000002, 0]","[0, 0]",40
58,"[2, 1]",173.5500000000052,"[55, 60]","[15.300000000000082, 0]","[0, 0]",40
59,"[2, 1]",185.55000000000797,"[58, 62]","[18.100000000000122, 0]","[3.2499999999999964, 0]",40
60,"[0, 1]",152.55000000000044,"[57, 57]","[1.0500000000000003, 0]","[0, 0]",40
61,"[0, 1]",158.85000000000187,"[60, 58]","[4.249999999999993, 0]","[2.849999999999998, 0]",40
62,"[0, 1]",158.9500000000019,"[61, 61]","[1.850000000000001, 0]","[0, 0]",40
63,"[0, 1]",165.90000000000347,"[62, 59]","[4.94999999999999, 0]","[2.0500000000000007, 0]",40
64,"[0, 1]",170.8500000000046,"[63, 69]","[6.099999999999986, 0]","[2.5999999999999988, 0]",40
65,"[0, 3]",202.1500000000117,"[64, 78]","[5.899999999999987, 0]","[1.900000000000001, 0]",40
66,"[0, 3]",203.8000000000121,"[65, 65]","[4.399999999999992, 0]","[0, 0]",40
67,"[0, 1]",174.70000000000547,"[66, 64]","[4.699999999999991, 0]","[0, 0]",40
68,"[0, 1]",175.7500000000057,"[67, 67]","[4.94999999999999, 0]","[0, 0]",40
69,"[2, 1]",189.9500000000089,"[59, 63]","[14.050000000000065, 0]","[0, 0]",40
70,"[0, 1]",176.75000000000594,"[68, 68]","[5.09999999999999, 0]","[0, 0]",40
71,"[0, 1]",177.15000000000603,"[70, 70]","[5.299999999999989, 0]","[0, 0]",40
72,"[0, 1]",173.75000000000526,"[71, 71]","[5.4999999999999885, 0]","[0, 0]",40
73,"[0, 1]",169.80000000000436,"[72, 72]","[5.549999999999988, 0]","[0, 0]",40
74,"[0, 1]",158.6000000000018,"[73, 73]","[3.4999999999999956, 0]","[0, 0]",40
75,"[0, 1]",158.80000000000186,"[74, 74]","[3.049999999999997, 0]","[0, 0]",40
76,"[0, 3]",189.05000000000877,"[75, 66]","[2.499999999999999, 0]","[0, 0]",40
77,"[0, 1]",154.1500000000008,"[76, 75]","[1.2000000000000004, 0]","[0, 0]",40
78,"[2, 3]",220.70000000001596,"[69, 55]","[17.35000000000011, 0]","[0, 0]",40
79,"[0, 1]",154.95000000000098,"[77, 77]","[1.6500000000000008, 0]","[0, 0]",40
0,"[2, 1]",36.40000000000007,"[-999, -999]","[0, 0]","[0, 0]",41
1,"[2, 1]",38.09999999999997,"[0, 0]","[0, 0]","[0, 0]",41
2,"[2, 1]",39.89999999999987,"[1, 1]","[0, 0]","[0, 0]",41
3,"[2, 1]",41.79999999999976,"[2, 2]","[0, 0]","[0, 0]",41
4,"[2, 3]",70.24999999999815,"[3, -999]","[0, 0]","[0, 0]",41
5,"[2, 1]",38.69999999999994,"[4, 3]","[0, 0]","[0, 0]",41
6,"[2, 1]",40.64999999999983,"[5, 5]","[0, 0]","[0, 0]",41
7,"[2, 1]",42.49999999999972,"[6, 6]","[0, 0]","[0, 0]",41
8,"[2, 1]",44.04999999999964,"[7, 7]","[0, 0]","[0, 0]",41
9,"[2, 1]",45.59999999999955,"[8, 8]","[0, 0]","[0, 0]",41
10,"[2, 1]",46.84999999999948,"[9, 9]","[0, 0]","[0, 0]",41
11,"[2, 1]",53.29999999999911,"[10, 14]","[2.4499999999999993, 0]","[2.4499999999999993, 0]",41
12,"[2, 1]",63.899999999998506,"[11, 16]","[9.850000000000005, 0]","[9.850000000000005, 0]",41
13,"[2, 1]",68.94999999999823,"[12, 17]","[14.45000000000007, 0]","[2.25, 0]",41
14,"[0, 1]",72.24999999999804,"[-999, 10]","[0, 0]","[2.4499999999999993, 0]",41
15,"[0, 1]",78.34999999999769,"[14, 11]","[2.3, 0]","[2.3, 0]",41
16,"[0, 1]",78.84999999999766,"[15, 15]","[0, 0]","[0, 0]",41
17,"[0, 1]",84.64999999999733,"[16, 12]","[2.3999999999999995, 0]","[2.3999999999999995, 0]",41
18,"[0, 3]",114.64999999999564,"[17, -999]","[0, 0]","[0, 0]",41
19,"[2, 1]",75.29999999999787,"[13, 21]","[21.650000000000173, 0]","[0, 0]",41
20,"[2, 3]",105.04999999999616,"[19, 18]","[28.350000000000268, 0]","[0.05, 0]",41
21,"[0, 1]",86.24999999999724,"[18, 13]","[0, 0]","[0, 0]",41
22,"[2, 3]",108.39999999999598,"[20, 20]","[28.350000000000268, 0]","[0, 0]",41
23,"[0, 1]",91.74999999999692,"[21, 19]","[2.3999999999999995, 0]","[2.3999999999999995, 0]",41
24,"[0, 1]",92.1999999999969,"[23, 23]","[0, 0]","[0, 0]",41
25,"[0, 1]",93.24999999999685,"[24, 24]","[0, 0]","[0, 0]",41
26,"[0, 1]",98.59999999999654,"[25, 27]","[2.4499999999999993, 0]","[2.4499999999999993, 0]",41
27,"[2, 1]",82.99999999999743,"[22, 25]","[25.950000000000234, 0]","[0, 0]",41
28,"[0, 1]",105.24999999999616,"[26, 29]","[1.900000000000001, 0]","[1.900000000000001, 0]",41
29,"[2, 1]",88.94999999999709,"[27, 26]","[24.30000000000021, 0]","[0, 0]",41
30,"[2, 1]",94.2499999999968,"[29, 28]","[22.700000000000188, 0]","[0, 0]",41
31,"[0, 1]",110.29999999999588,"[28, 30]","[2.499999999999999, 0]","[2.499999999999999, 0]",41
32,"[2, 1]",99.69999999999648,"[30, 31]","[21.200000000000166, 0]","[0, 0]",41
33,"[2, 3]",131.94999999999575,"[32, 34]","[19.750000000000146, 0]","[0, 0]",41
34,"[0, 3]",138.7499999999973,"[31, 22]","[0, 0]","[0, 0]",41
35,"[2, 1]",108.199999999996,"[33, 37]","[18.250000000000124, 0]","[0, 0]",41
36,"[0, 1]",110.64999999999586,"[34, 32]","[0, 0]","[0, 0]",41
37,"[0, 1]",111.6999999999958,"[36, 36]","[0, 0]","[0, 0]",41
38,"[0, 1]",117.24999999999548,"[37, 35]","[2.849999999999998, 0]","[2.3999999999999995, 0]",41
39,"[0, 3]",147.34999999999926,"[38, 33]","[0.9500000000000003, 0]","[0, 0]",41
40,"[0, 1]",118.7499999999954,"[39, 41]","[1.4000000000000006, 0]","[0, 0]",41
41,"[2, 1]",113.4999999999957,"[35, 38]","[16.850000000000104, 0]","[0, 0]",41
42,"[2, 1]",130.54999999999544,"[41, 44]","[25.300000000000225, 0]","[9.900000000000006, 0]",41
43,"[0, 1]",119.54999999999536,"[40, 40]","[1.850000000000001, 0]","[0, 0]",41
44,"[0, 1]",120.64999999999527,"[43, 43]","[2.3, 0]","[0, 0]",41
45,"[0, 3]",151.70000000000024,"[44, 39]","[2.6999999999999984, 0]","[0, 0]",41
46,"[0, 1]",123.9499999999951,"[45, 42]","[3.099999999999997, 0]","[0, 0]",41
47,"[0, 1]",124.84999999999503,"[46, 46]","[3.399999999999996, 0]","[0, 0]",41
48,"[0, 1]",125.949999999995,"[47, 47]","[3.7499999999999947, 0]","[0, 0]",41
49,"[2, 3]",162.30000000000263,"[42, 45]","[13.950000000000063, 0]","[0, 0]",41
50,"[2, 3]",164.85000000000323,"[49, 49]","[14.700000000000074, 0]","[0, 0]",41
51,"[2, 1]",139.84999999999755,"[50, 48]","[15.550000000000086, 0]","[0, 0]",41
52,"[2, 1]",145.59999999999886,"[51, 54]","[15.650000000000087, 0]","[0, 0]",41
53,"[2, 3]",175.55000000000567,"[52, 50]","[15.650000000000087, 0]","[0, 0]",41
54,"[0, 1]",131.34999999999562,"[48, 51]","[6.349999999999985, 0]","[2.3999999999999995, 0]",41
55,"[2, 1]",151.35000000000016,"[53, 57]","[17.35000000000011, 0]","[0, 0]",41
56,"[0, 1]",137.64999999999705,"[54, 52]","[6.999999999999983, 0]","[2.849999999999998, 0]",41
57,"[0, 1]",137.0499999999969,"[56, 56]","[4.3499999999999925, 0]","[0, 0]",41
58,"[0, 1]",143.39999999999836,"[57, 55]","[7.7499999999999805, 0]","[3.1999999999999966, 0]",41
59,"[0, 1]",143.0999999999983,"[58, 58]","[4.799999999999991, 0]","[0, 0]",41
60,"[2, 1]",163.55000000000294,"[55, 59]","[22.000000000000178, 0]","[3.099999999999997, 0]",41
61,"[0, 1]",148.74999999999957,"[59, 60]","[7.7499999999999805, 0]","[2.549999999999999, 0]",41
62,"[2, 1]",168.40000000000404,"[60, 61]","[19.750000000000146, 0]","[0, 0]",41
63,"[0, 1]",154.1500000000008,"[61, 62]","[7.99999999999998, 0]","[2.6999999999999984, 0]",41
64,"[0, 1]",154.35000000000085,"[63, 63]","[4.99999999999999, 0]","[0, 0]",41
65,"[0, 3]",184.6500000000077,"[64, 66]","[4.449999999999992, 0]","[0, 0]",41
66,"[2, 3]",198.45000000001087,"[62, 53]","[21.050000000000164, 0]","[0, 0]",41
67,"[0, 1]",156.90000000000143,"[65, 64]","[3.899999999999994, 0]","[0, 0]",41
68,"[0, 1]",158.00000000000168,"[67, 67]","[4.199999999999993, 0]","[0, 0]",41
69,"[0, 1]",159.05000000000192,"[68, 68]","[4.099999999999993, 0]","[0, 0]",41
70,"[0, 1]",159.55000000000203,"[69, 69]","[3.2999999999999963, 0]","[0, 0]",41
71,"[0, 1]",153.05000000000055,"[70, 70]","[2.1500000000000004, 0]","[0, 0]",41
72,"[0, 1]",151.40000000000018,"[71, 71]","[2.4499999999999993, 0]","[0, 0]",41
73,"[0, 1]",149.7999999999998,"[72, 72]","[2.6999999999999984, 0]","[0, 0]",41
74,"[0, 1]",147.84999999999937,"[73, 73]","[2.9499999999999975, 0]","[0, 0]",41
75,"[0, 1]",148.3999999999995,"[74, 74]","[3.1999999999999966, 0]","[0, 0]",41
76,"[0, 3]",178.55000000000635,"[75, -999]","[3.349999999999996, 0]","[0, 0]",41
77,"[0, 1]",147.0999999999992,"[76, 75]","[3.4999999999999956, 0]","[0, 0]",41
78,"[0, 1]",147.34999999999926,"[77, 77]","[3.649999999999995, 0]","[0, 0]",41
79,"[0, 1]",147.74999999999935,"[78, 78]","[3.7499999999999947, 0]","[0, 0]",41
0,"[2, 1]",36.40000000000007,"[-999, -999]","[0, 0]","[0, 0]",42
1,"[2, 1]",38.09999999999997,"[0, 0]","[0, 0]","[0, 0]",42
2,"[2, 1]",39.89999999999987,"[1, 1]","[0, 0]","[0, 0]",42
3,"[2, 1]",41.79999999999976,"[2, 2]","[0, 0]","[0, 0]",42
4,"[2, 1]",43.54999999999966,"[3, 3]","[0, 0]","[0, 0]",42
5,"[2, 1]",45.099999999999575,"[4, 4]","[0, 0]","[0, 0]",42
6,"[2, 1]",46.349999999999504,"[5, 5]","[0, 0]","[0, 0]",42
7,"[2, 1]",47.39999999999944,"[6, 6]","[0, 0]","[0, 0]",42
8,"[2, 1]",48.449999999999385,"[7, 7]","[0, 0]","[0, 0]",42
9,"[2, 1]",56.54999999999893,"[8, 14]","[2.8999999999999977, 0]","[2.8999999999999977, 0]",42
10,"[2, 1]",61.449999999998646,"[9, 15]","[0, 0]","[0, 0]",42
11,"[2, 1]",66.54999999999836,"[10, 16]","[0, 0]","[0, 0]",42
12,"[2, 3]",96.59999999999664,"[11, -999]","[11.350000000000026, 0]","[0, 0]",42
13,"[2, 1]",72.64999999999802,"[12, 20]","[20.15000000000015, 0]","[0, 0]",42
14,"[0, 1]",67.6499999999983,"[-999, 8]","[0, 0]","[0, 0]",42
15,"[0, 1]",74.19999999999793,"[14, 9]","[0, 0]","[0, 0]",42
16,"[0, 1]",80.74999999999756,"[15, 10]","[2.549999999999999, 0]","[2.549999999999999, 0]",42
17,"[0, 1]",85.79999999999727,"[16, 11]","[2.799999999999998, 0]","[2.799999999999998, 0]",42
18,"[2, 3]",103.49999999999626,"[13, 12]","[17.800000000000118, 0]","[0, 0]",42
19,"[2, 1]",80.19999999999759,"[18, 24]","[16.100000000000094, 0]","[0, 0]",42
20,"[0, 1]",85.2499999999973,"[17, 17]","[0, 0]","[0, 0]",42
21,"[0, 1]",90.94999999999698,"[20, 13]","[2.849999999999998, 0]","[2.849999999999998, 0]",42
22,"[2, 1]",85.99999999999726,"[19, 25]","[14.600000000000072, 0]","[0, 0]",42
23,"[2, 1]",91.29999999999696,"[22, 26]","[13.150000000000052, 0]","[0, 0]",42
24,"[0, 1]",91.19999999999696,"[21, 21]","[0, 0]","[0, 0]",42
25,"[0, 1]",96.44999999999666,"[24, 19]","[2.4499999999999993, 0]","[2.4499999999999993, 0]",42
26,"[0, 1]",103.14999999999628,"[25, 22]","[1.800000000000001, 0]","[1.800000000000001, 0]",42
27,"[2, 1]",96.79999999999664,"[23, 28]","[11.65000000000003, 0]","[0, 0]",42
28,"[0, 1]",108.249999999996,"[26, 23]","[2.25, 0]","[2.25, 0]",42
29,"[0, 1]",113.2999999999957,"[28, 27]","[2.3999999999999995, 0]","[2.3999999999999995, 0]",42
30,"[2, 1]",102.29999999999632,"[27, 29]","[10.25000000000001, 0]","[0, 0]",42
31,"[0, 1]",118.29999999999542,"[29, 30]","[2.499999999999999, 0]","[2.499999999999999, 0]",42
32,"[0, 1]",123.34999999999512,"[31, 35]","[2.3, 0]","[2.3, 0]",42
33,"[0, 1]",128.34999999999494,"[32, 36]","[2.549999999999999, 0]","[2.549999999999999, 0]",42
34,"[0, 1]",133.39999999999608,"[33, 39]","[2.4499999999999993, 0]","[2.4499999999999993, 0]",42
35,"[2, 1]",107.64999999999604,"[30, 31]","[8.79999999999999, 0]","[0, 0]",42
36,"[2, 1]",113.14999999999571,"[35, 32]","[7.349999999999982, 0]","[0, 0]",42
37,"[0, 3]",161.80000000000254,"[34, -999]","[0, 0]","[0, 0]",42
38,"[0, 1]",133.74999999999616,"[37, 41]","[0, 0]","[0, 0]",42
39,"[2, 1]",118.5499999999954,"[36, 33]","[5.949999999999987, 0]","[0, 0]",42
40,"[0, 1]",134.7999999999964,"[38, 38]","[0, 0]","[0, 0]",42
41,"[2, 1]",123.9999999999951,"[39, 34]","[4.499999999999992, 0]","[0, 0]",42
42,"[2, 3]",156.20000000000127,"[41, 37]","[4.94999999999999, 0]","[0, 0]",42
43,"[0, 1]",140.34999999999766,"[40, 47]","[3.149999999999997, 0]","[2.3499999999999996, 0]",42
44,"[0, 1]",146.09999999999897,"[43, 50]","[3.4499999999999957, 0]","[2.7499999999999982, 0]",42
45,"[0, 1]",146.199999999999,"[44, 44]","[0.39999999999999997, 0]","[0, 0]",42
46,"[0, 1]",151.35000000000016,"[45, 54]","[2.499999999999999, 0]","[2.499999999999999, 0]",42
47,"[2, 1]",132.49999999999588,"[42, 40]","[4.799999999999991, 0]","[0, 0]",42
48,"[0, 1]",151.85000000000028,"[46, 46]","[0, 0]","[0, 0]",42
49,"[0, 1]",157.75000000000162,"[48, 62]","[2.549999999999999, 0]","[2.549999999999999, 0]",42
50,"[2, 1]",137.79999999999708,"[47, 43]","[4.199999999999993, 0]","[0, 0]",42
51,"[0, 3]",187.6000000000084,"[49, 53]","[2.1500000000000004, 0]","[0, 0]",42
52,"[0, 1]",159.35000000000198,"[51, 63]","[4.149999999999993, 0]","[0, 0]",42
53,"[2, 3]",167.65000000000387,"[50, 42]","[5.249999999999989, 0]","[0, 0]",42
54,"[2, 1]",144.29999999999856,"[53, 45]","[5.999999999999987, 0]","[0, 0]",42
55,"[0, 1]",165.35000000000335,"[52, 66]","[7.89999999999998, 0]","[2.5999999999999988, 0]",42
56,"[0, 1]",165.65000000000342,"[55, 55]","[5.999999999999987, 0]","[0, 0]",42
57,"[0, 1]",166.60000000000363,"[56, 56]","[6.549999999999985, 0]","[0, 0]",42
58,"[0, 1]",167.65000000000387,"[57, 57]","[6.999999999999983, 0]","[0, 0]",42
59,"[0, 1]",168.6500000000041,"[58, 58]","[7.399999999999982, 0]","[0, 0]",42
60,"[0, 1]",169.75000000000435,"[59, 59]","[7.89999999999998, 0]","[0, 0]",42
61,"[0, 1]",170.75000000000458,"[60, 60]","[8.599999999999987, 0]","[0, 0]",42
62,"[2, 1]",155.75000000000117,"[54, 48]","[9.600000000000001, 0]","[3.049999999999997, 0]",42
63,"[2, 1]",160.60000000000227,"[62, 49]","[7.79999999999998, 0]","[0, 0]",42
64,"[0, 1]",171.8000000000048,"[61, 61]","[8.949999999999992, 0]","[0, 0]",42
65,"[0, 1]",172.650000000005,"[64, 64]","[9.149999999999995, 0]","[0, 0]",42
66,"[2, 1]",168.200000000004,"[63, 52]","[10.450000000000014, 0]","[1.7000000000000008, 0]",42
67,"[0, 1]",173.0500000000051,"[65, 65]","[9.349999999999998, 0]","[0, 0]",42
68,"[0, 1]",171.7500000000048,"[67, 67]","[9.399999999999999, 0]","[0, 0]",42
69,"[0, 1]",167.70000000000388,"[68, 68]","[9.399999999999999, 0]","[0, 0]",42
70,"[0, 1]",163.55000000000294,"[69, 69]","[10.100000000000009, 0]","[0, 0]",42
71,"[0, 1]",149.59999999999977,"[70, 70]","[6.649999999999984, 0]","[0, 0]",42
72,"[0, 1]",149.14999999999966,"[71, 71]","[5.849999999999987, 0]","[0, 0]",42
73,"[0, 1]",144.14999999999853,"[72, 72]","[6.149999999999986, 0]","[0, 0]",42
74,"[0, 3]",174.20000000000536,"[73, -999]","[6.449999999999985, 0]","[0, 0]",42
75,"[0, 1]",144.4499999999986,"[74, 73]","[6.649999999999984, 0]","[0, 0]",42
76,"[0, 1]",144.99999999999872,"[75, 75]","[6.399999999999985, 0]","[0, 0]",42
77,"[0, 1]",145.7499999999989,"[76, 76]","[5.599999999999988, 0]","[0, 0]",42
78,"[0, 3]",171.05000000000464,"[77, 74]","[5.249999999999989, 0]","[0, 0]",42
79,"[0, 1]",142.6999999999982,"[78, 77]","[5.349999999999989, 0]","[0, 0]",42
0,"[2, 1]",36.40000000000007,"[-999, -999]","[0, 0]","[0, 0]",43
1,"[2, 1]",38.09999999999997,"[0, 0]","[0, 0]","[0, 0]",43
2,"[2, 1]",39.89999999999987,"[1, 1]","[0, 0]","[0, 0]",43
3,"[2, 1]",41.79999999999976,"[2, 2]","[0, 0]","[0, 0]",43
4,"[2, 1]",43.54999999999966,"[3, 3]","[0, 0]","[0, 0]",43
5,"[2, 1]",45.099999999999575,"[4, 4]","[0, 0]","[0, 0]",43
6,"[2, 1]",46.349999999999504,"[5, 5]","[0, 0]","[0, 0]",43
7,"[2, 1]",47.39999999999944,"[6, 6]","[0, 0]","[0, 0]",43
8,"[2, 1]",48.49999999999938,"[7, 7]","[0, 0]","[0, 0]",43
9,"[2, 1]",56.54999999999893,"[8, 14]","[2.8999999999999977, 0]","[2.8999999999999977, 0]",43
10,"[2, 1]",61.49999999999864,"[9, 15]","[0, 0]","[0, 0]",43
11,"[2, 1]",66.59999999999836,"[10, 16]","[0, 0]","[0, 0]",43
12,"[2, 1]",72.04999999999805,"[11, 17]","[15.050000000000079, 0]","[0, 0]",43
13,"[2, 1]",77.49999999999774,"[12, 18]","[20.15000000000015, 0]","[0, 0]",43
14,"[0, 1]",67.6499999999983,"[-999, 8]","[0, 0]","[0, 0]",43
15,"[0, 1]",74.19999999999793,"[14, 9]","[0, 0]","[0, 0]",43
16,"[0, 1]",80.79999999999755,"[15, 10]","[2.3999999999999995, 0]","[2.3999999999999995, 0]",43
17,"[0, 1]",85.84999999999727,"[16, 11]","[2.549999999999999, 0]","[2.549999999999999, 0]",43
18,"[0, 1]",90.94999999999698,"[17, 12]","[2.3, 0]","[2.3, 0]",43
19,"[2, 3]",107.04999999999606,"[13, -999]","[17.800000000000118, 0]","[0, 0]",43
20,"[0, 1]",96.04999999999669,"[18, 13]","[2.3499999999999996, 0]","[2.3499999999999996, 0]",43
21,"[0, 1]",95.39999999999672,"[20, 20]","[0, 0]","[0, 0]",43
22,"[0, 1]",100.34999999999644,"[21, 29]","[2.4499999999999993, 0]","[2.4499999999999993, 0]",43
23,"[0, 1]",105.99999999999612,"[22, 32]","[2.6999999999999984, 0]","[2.6999999999999984, 0]",43
24,"[0, 1]",112.04999999999578,"[23, 35]","[2.1000000000000005, 0]","[2.1000000000000005, 0]",43
25,"[0, 1]",117.14999999999549,"[24, 36]","[2.499999999999999, 0]","[2.499999999999999, 0]",43
26,"[0, 1]",122.1499999999952,"[25, 38]","[2.6499999999999986, 0]","[2.6499999999999986, 0]",43
27,"[0, 1]",127.19999999999492,"[26, 39]","[2.4499999999999993, 0]","[2.4499999999999993, 0]",43
28,"[0, 1]",132.24999999999582,"[27, 41]","[2.549999999999999, 0]","[2.549999999999999, 0]",43
29,"[2, 1]",83.84999999999738,"[19, 21]","[16.150000000000095, 0]","[0, 0]",43
30,"[0, 1]",137.24999999999696,"[28, 42]","[2.5999999999999988, 0]","[2.5999999999999988, 0]",43
31,"[0, 1]",136.64999999999682,"[30, 30]","[0, 0]","[0, 0]",43
32,"[2, 1]",89.74999999999704,"[29, 22]","[14.600000000000072, 0]","[0, 0]",43
33,"[0, 1]",143.34999999999835,"[31, 51]","[2.799999999999998, 0]","[2.799999999999998, 0]",43
34,"[0, 3]",174.50000000000543,"[33, 62]","[0, 0]","[0, 0]",43
35,"[2, 1]",95.39999999999672,"[32, 23]","[13.150000000000052, 0]","[0, 0]",43
36,"[2, 1]",100.64999999999642,"[35, 24]","[11.750000000000032, 0]","[0, 0]",43
37,"[0, 1]",146.84999999999914,"[34, 65]","[0, 0]","[0, 0]",43
38,"[2, 1]",106.14999999999613,"[36, 25]","[10.25000000000001, 0]","[0, 0]",43
39,"[2, 1]",111.4999999999958,"[38, 26]","[8.84999999999999, 0]","[0, 0]",43
40,"[0, 1]",147.0999999999992,"[37, 37]","[0, 0]","[0, 0]",43
41,"[2, 1]",116.9999999999955,"[39, 27]","[7.4499999999999815, 0]","[0, 0]",43
42,"[2, 1]",122.4499999999952,"[41, 28]","[5.999999999999987, 0]","[0, 0]",43
43,"[0, 3]",178.05000000000624,"[40, 34]","[0, 0]","[0, 0]",43
44,"[0, 1]",150.70000000000002,"[43, 40]","[0, 0]","[0, 0]",43
45,"[2, 3]",153.2000000000006,"[42, -999]","[7.7499999999999805, 0]","[0, 0]",43
46,"[0, 1]",151.80000000000027,"[44, 44]","[0, 0]","[0, 0]",43
47,"[0, 1]",152.95000000000053,"[46, 46]","[0, 0]","[0, 0]",43
48,"[0, 1]",154.00000000000077,"[47, 47]","[0, 0]","[0, 0]",43
49,"[0, 3]",184.9500000000078,"[48, 43]","[0, 0]","[0, 0]",43
50,"[0, 3]",187.30000000000837,"[49, 49]","[0, 0]","[0, 0]",43
51,"[2, 1]",128.34999999999494,"[45, 31]","[8.699999999999989, 0]","[0, 0]",43
52,"[0, 1]",158.90000000000188,"[50, 48]","[0, 0]","[0, 0]",43
53,"[0, 1]",159.95000000000212,"[52, 52]","[0.65, 0]","[0, 0]",43
54,"[0, 1]",161.00000000000236,"[53, 53]","[1.1500000000000004, 0]","[0, 0]",43
55,"[0, 1]",162.1000000000026,"[54, 54]","[1.850000000000001, 0]","[0, 0]",43
56,"[0, 1]",163.20000000000286,"[55, 55]","[2.849999999999998, 0]","[0, 0]",43
57,"[0, 3]",194.10000000000989,"[56, 50]","[4.149999999999993, 0]","[0, 0]",43
58,"[0, 1]",166.8500000000037,"[57, 56]","[4.3499999999999925, 0]","[0, 0]",43
59,"[0, 1]",167.7500000000039,"[58, 58]","[4.3499999999999925, 0]","[0, 0]",43
60,"[0, 1]",163.90000000000302,"[59, 59]","[5.1999999999999895, 0]","[0, 0]",43
61,"[0, 1]",163.4000000000029,"[60, 60]","[5.949999999999987, 0]","[0, 0]",43
62,"[2, 3]",159.9000000000021,"[51, 45]","[8.899999999999991, 0]","[0, 0]",43
63,"[0, 1]",159.25000000000196,"[61, 61]","[6.399999999999985, 0]","[0, 0]",43
64,"[0, 1]",155.65000000000114,"[63, 63]","[6.849999999999984, 0]","[0, 0]",43
65,"[2, 1]",132.1499999999958,"[62, 33]","[9.349999999999998, 0]","[0, 0]",43
66,"[0, 1]",151.30000000000015,"[64, 64]","[6.999999999999983, 0]","[0, 0]",43
67,"[0, 1]",147.44999999999928,"[66, 66]","[7.349999999999982, 0]","[0, 0]",43
68,"[0, 1]",136.64999999999682,"[67, 67]","[5.14999999999999, 0]","[0, 0]",43
69,"[0, 1]",136.9499999999969,"[68, 68]","[4.749999999999991, 0]","[0, 0]",43
70,"[0, 1]",137.24999999999696,"[69, 69]","[3.5499999999999954, 0]","[0, 0]",43
71,"[0, 1]",130.3999999999954,"[70, 70]","[1.1000000000000003, 0]","[0, 0]",43
72,"[0, 1]",126.19999999999496,"[71, 71]","[0, 0]","[0, 0]",43
73,"[0, 1]",125.749999999995,"[72, 72]","[0, 0]","[0, 0]",43
74,"[0, 1]",126.49999999999496,"[73, 73]","[0, 0]","[0, 0]",43
75,"[0, 1]",127.3499999999949,"[74, 74]","[0, 0]","[0, 0]",43
76,"[0, 1]",128.1499999999949,"[75, 75]","[0, 0]","[0, 0]",43
77,"[0, 1]",128.44999999999496,"[76, 76]","[0, 0]","[0, 0]",43
78,"[0, 1]",124.19999999999509,"[77, 77]","[0, 0]","[0, 0]",43
79,"[0, 1]",124.69999999999506,"[78, 78]","[0.65, 0]","[0, 0]",43
0,"[2, 1]",36.40000000000007,"[-999, -999]","[0, 0]","[0, 0]",44
1,"[2, 1]",38.09999999999997,"[0, 0]","[0, 0]","[0, 0]",44
2,"[2, 1]",39.89999999999987,"[1, 1]","[0, 0]","[0, 0]",44
3,"[2, 1]",41.79999999999976,"[2, 2]","[0, 0]","[0, 0]",44
4,"[2, 1]",43.54999999999966,"[3, 3]","[0, 0]","[0, 0]",44
5,"[2, 1]",45.04999999999958,"[4, 4]","[0, 0]","[0, 0]",44
6,"[2, 1]",46.349999999999504,"[5, 5]","[0, 0]","[0, 0]",44
7,"[2, 1]",47.39999999999944,"[6, 6]","[0, 0]","[0, 0]",44
8,"[2, 1]",48.449999999999385,"[7, 7]","[0, 0]","[0, 0]",44
9,"[2, 1]",65.39999999999843,"[8, 16]","[10.050000000000008, 0]","[10.050000000000008, 0]",44
10,"[2, 1]",69.74999999999818,"[9, 17]","[0, 0]","[0, 0]",44
11,"[2, 1]",76.29999999999781,"[10, 21]","[0, 0]","[0, 0]",44
12,"[0, 1]",68.84999999999823,"[-999, 8]","[0, 0]","[0, 0]",44
13,"[2, 1]",81.39999999999752,"[11, 22]","[23.750000000000203, 0]","[0, 0]",44
14,"[2, 3]",112.79999999999572,"[13, 19]","[36.00000000000009, 0]","[0.05, 0]",44
15,"[0, 1]",70.34999999999815,"[12, 12]","[0, 0]","[0, 0]",44
16,"[0, 1]",71.34999999999809,"[15, 15]","[0, 0]","[0, 0]",44
17,"[0, 1]",78.2999999999977,"[16, 9]","[1.0000000000000002, 0]","[1.0000000000000002, 0]",44
18,"[2, 1]",94.0999999999968,"[14, 26]","[36.500000000000064, 0]","[2.849999999999998, 0]",44
19,"[0, 3]",104.3999999999962,"[17, -999]","[0, 0]","[0, 0]",44
20,"[2, 1]",98.99999999999652,"[18, 28]","[31.90000000000032, 0]","[0, 0]",44
21,"[0, 1]",78.54999999999768,"[19, 10]","[0, 0]","[0, 0]",44
22,"[0, 1]",85.2999999999973,"[21, 11]","[2.549999999999999, 0]","[2.549999999999999, 0]",44
23,"[0, 1]",90.349999999997,"[22, 13]","[2.3999999999999995, 0]","[2.3999999999999995, 0]",44
24,"[0, 1]",89.74999999999704,"[23, 23]","[0, 0]","[0, 0]",44
25,"[2, 1]",104.29999999999622,"[20, 31]","[30.350000000000296, 0]","[0, 0]",44
26,"[0, 1]",90.349999999997,"[24, 24]","[0, 0]","[0, 0]",44
27,"[2, 1]",109.69999999999592,"[25, 32]","[28.850000000000275, 0]","[0, 0]",44
28,"[0, 1]",96.14999999999668,"[26, 18]","[2.4499999999999993, 0]","[2.4499999999999993, 0]",44
29,"[2, 3]",140.74999999999775,"[27, 14]","[27.350000000000254, 0]","[0, 0]",44
30,"[2, 1]",113.14999999999571,"[29, 37]","[25.900000000000233, 0]","[0, 0]",44
31,"[0, 1]",102.54999999999632,"[28, 20]","[2.0500000000000007, 0]","[2.0500000000000007, 0]",44
32,"[0, 1]",107.64999999999604,"[31, 25]","[2.549999999999999, 0]","[2.549999999999999, 0]",44
33,"[2, 1]",121.79999999999522,"[30, 40]","[27.650000000000258, 0]","[3.1999999999999966, 0]",44
34,"[2, 1]",139.5999999999975,"[33, 46]","[32.800000000000274, 0]","[9.800000000000004, 0]",44
35,"[2, 1]",144.4999999999986,"[34, 47]","[23.200000000000195, 0]","[0, 0]",44
36,"[2, 1]",149.44999999999973,"[35, 48]","[24.95000000000022, 0]","[0, 0]",44
37,"[0, 1]",112.64999999999574,"[32, 27]","[2.3999999999999995, 0]","[2.3999999999999995, 0]",44
38,"[2, 1]",155.40000000000109,"[36, 51]","[26.100000000000236, 0]","[0, 0]",44
39,"[0, 3]",144.24999999999855,"[37, 29]","[2.499999999999999, 0]","[2.499999999999999, 0]",44
40,"[0, 1]",116.54999999999552,"[39, 30]","[0.8500000000000002, 0]","[0, 0]",44
41,"[2, 1]",161.00000000000236,"[38, 52]","[26.050000000000235, 0]","[0, 0]",44
42,"[0, 3]",146.84999999999914,"[40, 39]","[1.5000000000000007, 0]","[0, 0]",44
43,"[2, 3]",190.9000000000092,"[41, 49]","[29.80000000000029, 0]","[0, 0]",44
44,"[0, 1]",118.7499999999954,"[42, 33]","[1.7000000000000008, 0]","[0, 0]",44
45,"[0, 1]",119.89999999999532,"[44, 44]","[1.850000000000001, 0]","[0, 0]",44
46,"[0, 1]",120.94999999999528,"[45, 45]","[2.000000000000001, 0]","[0, 0]",44
47,"[0, 1]",126.89999999999492,"[46, 34]","[4.6499999999999915, 0]","[2.499999999999999, 0]",44
48,"[0, 1]",132.94999999999598,"[47, 35]","[5.09999999999999, 0]","[2.849999999999998, 0]",44
49,"[0, 3]",161.30000000000243,"[48, 42]","[2.3, 0]","[0, 0]",44
50,"[2, 1]",166.4500000000036,"[43, 56]","[29.750000000000288, 0]","[0, 0]",44
51,"[0, 1]",132.49999999999588,"[49, 36]","[2.4499999999999993, 0]","[0, 0]",44
52,"[0, 1]",138.04999999999714,"[51, 38]","[5.14999999999999, 0]","[2.6499999999999986, 0]",44
53,"[2, 3]",198.0000000000108,"[50, 43]","[29.600000000000286, 0]","[0, 0]",44
54,"[2, 3]",201.30000000001152,"[53, 53]","[30.450000000000298, 0]","[0, 0]",44
55,"[0, 1]",144.24999999999855,"[52, 41]","[5.449999999999989, 0]","[2.8999999999999977, 0]",44
56,"[0, 1]",143.6499999999984,"[55, 55]","[2.5999999999999988, 0]","[0, 0]",44
57,"[0, 1]",150.34999999999994,"[56, 50]","[5.599999999999988, 0]","[2.9499999999999975, 0]",44
58,"[0, 1]",149.7499999999998,"[57, 57]","[2.7499999999999982, 0]","[0, 0]",44
59,"[0, 1]",150.39999999999995,"[58, 58]","[2.6999999999999984, 0]","[0, 0]",44
60,"[0, 1]",151.40000000000018,"[59, 59]","[2.5999999999999988, 0]","[0, 0]",44
61,"[0, 1]",152.4500000000004,"[60, 60]","[2.499999999999999, 0]","[0, 0]",44
62,"[2, 3]",203.8000000000121,"[54, 54]","[31.95000000000032, 0]","[0, 0]",44
63,"[0, 1]",153.5500000000007,"[61, 61]","[2.3, 0]","[0, 0]",44
64,"[0, 1]",154.5500000000009,"[63, 63]","[2.0500000000000007, 0]","[0, 0]",44
65,"[0, 3]",185.700000000008,"[64, 66]","[1.800000000000001, 0]","[0, 0]",44
66,"[2, 3]",206.15000000001265,"[62, 62]","[32.20000000000031, 0]","[0, 0]",44
67,"[0, 1]",157.6000000000016,"[65, 78]","[3.649999999999995, 0]","[0, 0]",44
68,"[0, 1]",158.65000000000182,"[67, 67]","[6.099999999999986, 0]","[0, 0]",44
69,"[0, 1]",159.50000000000202,"[68, 68]","[6.449999999999985, 0]","[0, 0]",44
70,"[0, 1]",153.10000000000056,"[69, 69]","[3.349999999999996, 0]","[0, 0]",44
71,"[0, 1]",151.9500000000003,"[70, 70]","[3.699999999999995, 0]","[0, 0]",44
72,"[0, 1]",148.49999999999952,"[71, 71]","[3.999999999999994, 0]","[0, 0]",44
73,"[0, 1]",148.8999999999996,"[72, 72]","[4.299999999999993, 0]","[0, 0]",44
74,"[0, 1]",148.24999999999946,"[73, 73]","[4.499999999999992, 0]","[0, 0]",44
75,"[0, 1]",144.39999999999858,"[74, 74]","[4.749999999999991, 0]","[0, 0]",44
76,"[0, 1]",143.69999999999845,"[75, 75]","[4.899999999999991, 0]","[0, 0]",44
77,"[0, 1]",144.29999999999856,"[76, 76]","[5.299999999999989, 0]","[0, 0]",44
78,"[2, 1]",189.50000000000884,"[66, 64]","[47.34999999999945, 0]","[6.499999999999985, 0]",44
79,"[0, 1]",144.8999999999987,"[77, 77]","[4.94999999999999, 0]","[0, 0]",44
0,"[2, 1]",36.40000000000007,"[-999, -999]","[0, 0]","[0, 0]",45
1,"[0, 1]",76.4499999999978,"[-999, 8]","[0, 0]","[2.5999999999999988, 0]",45
2,"[2, 1]",38.09999999999997,"[0, 0]","[0, 0]","[0, 0]",45
3,"[2, 1]",39.89999999999987,"[2, 2]","[0, 0]","[0, 0]",45
4,"[2, 1]",41.79999999999976,"[3, 3]","[0, 0]","[0, 0]",45
5,"[2, 1]",43.54999999999966,"[4, 4]","[0, 0]","[0, 0]",45
6,"[2, 1]",45.04999999999958,"[5, 5]","[0, 0]","[0, 0]",45
7,"[2, 1]",46.349999999999504,"[6, 6]","[0, 0]","[0, 0]",45
8,"[2, 1]",47.39999999999944,"[7, 7]","[0, 0]","[0, 0]",45
9,"[2, 1]",53.34999999999911,"[8, 1]","[3.399999999999996, 0]","[3.399999999999996, 0]",45
10,"[2, 1]",65.24999999999844,"[9, 15]","[9.199999999999996, 0]","[5.849999999999987, 0]",45
11,"[2, 1]",70.19999999999816,"[10, 16]","[18.800000000000132, 0]","[1.5000000000000007, 0]",45
12,"[2, 1]",75.84999999999783,"[11, 17]","[23.250000000000195, 0]","[0, 0]",45
13,"[2, 1]",81.34999999999752,"[12, 20]","[24.25000000000021, 0]","[0, 0]",45
14,"[0, 1]",71.89999999999806,"[1, 9]","[0, 0]","[0, 0]",45
15,"[0, 1]",73.24999999999798,"[14, 14]","[0, 0]","[0, 0]",45
16,"[0, 1]",80.79999999999755,"[15, 10]","[1.2000000000000004, 0]","[1.2000000000000004, 0]",45
17,"[0, 1]",85.94999999999726,"[16, 11]","[2.1500000000000004, 0]","[2.1500000000000004, 0]",45
18,"[2, 1]",86.79999999999721,"[13, 21]","[21.850000000000176, 0]","[0, 0]",45
19,"[2, 1]",92.1999999999969,"[18, 22]","[20.400000000000155, 0]","[0, 0]",45
20,"[0, 1]",91.14999999999696,"[17, 12]","[2.1500000000000004, 0]","[2.1500000000000004, 0]",45
21,"[0, 1]",96.24999999999667,"[20, 13]","[2.4499999999999993, 0]","[2.4499999999999993, 0]",45
22,"[0, 1]",101.2999999999964,"[21, 18]","[2.5999999999999988, 0]","[2.5999999999999988, 0]",45
23,"[2, 1]",97.5999999999966,"[19, 24]","[19.100000000000136, 0]","[0, 0]",45
24,"[0, 1]",106.2999999999961,"[22, 19]","[2.5999999999999988, 0]","[2.5999999999999988, 0]",45
25,"[0, 3]",132.5999999999959,"[24, -999]","[0, 0]","[0, 0]",45
26,"[0, 1]",106.14999999999613,"[25, 23]","[0, 0]","[0, 0]",45
27,"[2, 1]",103.99999999999623,"[23, 26]","[17.85000000000012, 0]","[0, 0]",45
28,"[0, 1]",111.5499999999958,"[26, 27]","[2.4499999999999993, 0]","[2.4499999999999993, 0]",45
29,"[2, 1]",109.24999999999594,"[27, 28]","[16.6000000000001, 0]","[0, 0]",45
30,"[0, 1]",116.8499999999955,"[28, 29]","[2.6499999999999986, 0]","[2.6499999999999986, 0]",45
31,"[0, 1]",123.14999999999516,"[30, 32]","[1.950000000000001, 0]","[1.950000000000001, 0]",45
32,"[2, 1]",114.84999999999562,"[29, 30]","[15.300000000000082, 0]","[0, 0]",45
33,"[2, 1]",120.19999999999531,"[32, 31]","[14.050000000000065, 0]","[0, 0]",45
34,"[2, 1]",125.749999999995,"[33, 37]","[12.800000000000047, 0]","[0, 0]",45
35,"[2, 1]",131.2499999999956,"[34, 38]","[11.55000000000003, 0]","[0, 0]",45
36,"[2, 1]",136.74999999999685,"[35, 39]","[10.25000000000001, 0]","[0, 0]",45
37,"[0, 1]",128.29999999999492,"[31, 33]","[2.1500000000000004, 0]","[2.1500000000000004, 0]",45
38,"[0, 1]",133.39999999999608,"[37, 34]","[2.4499999999999993, 0]","[2.4499999999999993, 0]",45
39,"[0, 1]",138.49999999999724,"[38, 35]","[2.3999999999999995, 0]","[2.3999999999999995, 0]",45
40,"[0, 1]",143.5999999999984,"[39, 36]","[2.25, 0]","[2.25, 0]",45
41,"[0, 1]",148.69999999999956,"[40, 43]","[2.4499999999999993, 0]","[2.4499999999999993, 0]",45
42,"[0, 1]",153.7000000000007,"[41, 47]","[2.499999999999999, 0]","[2.499999999999999, 0]",45
43,"[2, 1]",142.19999999999808,"[36, 40]","[8.949999999999992, 0]","[0, 0]",45
44,"[0, 1]",153.10000000000056,"[42, 42]","[0, 0]","[0, 0]",45
45,"[0, 3]",186.60000000000815,"[44, 49]","[0, 0]","[0, 0]",45
46,"[0, 1]",157.55000000000155,"[45, 50]","[0, 0]","[0, 0]",45
47,"[2, 1]",147.6999999999993,"[43, 41]","[8.79999999999999, 0]","[0, 0]",45
48,"[2, 3]",178.50000000000634,"[47, -999]","[8.899999999999991, 0]","[0, 0]",45
49,"[2, 3]",181.450000000007,"[48, 48]","[10.350000000000012, 0]","[0, 0]",45
50,"[2, 1]",152.05000000000032,"[49, 44]","[11.050000000000022, 0]","[0, 0]",45
51,"[0, 1]",158.45000000000178,"[46, 46]","[0, 0]","[0, 0]",45
52,"[0, 1]",159.450000000002,"[51, 51]","[0.65, 0]","[0, 0]",45
53,"[0, 3]",190.45000000000903,"[52, 45]","[0.6, 0]","[0, 0]",45
54,"[0, 1]",167.70000000000388,"[53, 61]","[3.2999999999999963, 0]","[3.049999999999997, 0]",45
55,"[0, 3]",197.45000000001065,"[54, 53]","[0, 0]","[0, 0]",45
56,"[0, 1]",169.65000000000433,"[55, 62]","[0, 0]","[0, 0]",45
57,"[0, 1]",170.75000000000458,"[56, 56]","[0, 0]","[0, 0]",45
58,"[2, 1]",170.95000000000462,"[50, 52]","[21.050000000000164, 0]","[9.750000000000004, 0]",45
59,"[0, 1]",171.8000000000048,"[57, 57]","[2.9499999999999975, 0]","[0, 0]",45
60,"[0, 1]",177.75000000000617,"[59, 76]","[7.7499999999999805, 0]","[2.4499999999999993, 0]",45
61,"[2, 1]",170.75000000000458,"[58, 58]","[11.100000000000023, 0]","[0, 0]",45
62,"[2, 1]",178.70000000000638,"[61, 54]","[13.950000000000063, 0]","[3.1999999999999966, 0]",45
63,"[0, 1]",183.80000000000757,"[60, 78]","[9.099999999999994, 0]","[2.8999999999999977, 0]",45
64,"[0, 1]",183.30000000000743,"[63, 63]","[6.749999999999984, 0]","[0, 0]",45
65,"[0, 1]",183.9000000000076,"[64, 64]","[7.149999999999983, 0]","[0, 0]",45
66,"[0, 1]",183.85000000000755,"[65, 65]","[7.4499999999999815, 0]","[0, 0]",45
67,"[0, 1]",181.25000000000696,"[66, 66]","[8.199999999999982, 0]","[0, 0]",45
68,"[0, 1]",178.60000000000636,"[67, 67]","[9.399999999999999, 0]","[0, 0]",45
69,"[0, 1]",178.7500000000064,"[68, 68]","[9.149999999999995, 0]","[0, 0]",45
70,"[0, 1]",172.550000000005,"[69, 69]","[8.04999999999998, 0]","[0, 0]",45
71,"[0, 1]",172.10000000000488,"[70, 70]","[8.449999999999985, 0]","[0, 0]",45
72,"[0, 1]",168.10000000000397,"[71, 71]","[8.74999999999999, 0]","[0, 0]",45
73,"[0, 1]",164.45000000000314,"[72, 72]","[8.999999999999993, 0]","[0, 0]",45
74,"[0, 1]",160.05000000000214,"[73, 73]","[9.249999999999996, 0]","[0, 0]",45
75,"[0, 1]",156.20000000000127,"[74, 74]","[9.600000000000001, 0]","[0, 0]",45
76,"[2, 1]",196.55000000001044,"[62, 59]","[22.75000000000019, 0]","[9.800000000000004, 0]",45
77,"[0, 1]",141.799999999998,"[75, 75]","[4.3499999999999925, 0]","[0, 0]",45
78,"[2, 1]",201.4500000000116,"[76, 60]","[14.500000000000071, 0]","[0, 0]",45
79,"[0, 1]",142.04999999999805,"[77, 77]","[4.549999999999992, 0]","[0, 0]",45
0,"[2, 1]",36.40000000000007,"[-999, -999]","[0, 0]","[0, 0]",46
1,"[2, 3]",68.49999999999825,"[0, -999]","[0, 0]","[0, 0]",46
2,"[2, 1]",37.30000000000002,"[1, 0]","[0, 0]","[0, 0]",46
3,"[2, 1]",39.04999999999992,"[2, 2]","[0, 0]","[0, 0]",46
4,"[2, 1]",40.94999999999981,"[3, 3]","[0, 0]","[0, 0]",46
5,"[2, 1]",42.74999999999971,"[4, 4]","[0, 0]","[0, 0]",46
6,"[2, 1]",44.34999999999962,"[5, 5]","[0, 0]","[0, 0]",46
7,"[2, 1]",45.74999999999954,"[6, 6]","[0, 0]","[0, 0]",46
8,"[2, 1]",46.99999999999947,"[7, 7]","[0, 0]","[0, 0]",46
9,"[2, 1]",47.899999999999416,"[8, 8]","[0, 0]","[0, 0]",46
10,"[2, 1]",68.44999999999825,"[9, 17]","[13.450000000000056, 0]","[13.450000000000056, 0]",46
11,"[2, 1]",68.59999999999825,"[10, 10]","[0, 0]","[0, 0]",46
12,"[2, 1]",86.69999999999722,"[11, 24]","[10.000000000000007, 0]","[10.000000000000007, 0]",46
13,"[2, 1]",91.54999999999694,"[12, 25]","[23.250000000000195, 0]","[0, 0]",46
14,"[0, 1]",69.94999999999817,"[-999, 9]","[0, 0]","[0, 0]",46
15,"[0, 1]",71.04999999999811,"[14, 14]","[0, 0]","[0, 0]",46
16,"[0, 1]",71.54999999999808,"[15, 15]","[0, 0]","[0, 0]",46
17,"[0, 1]",72.09999999999805,"[16, 16]","[0, 0]","[0, 0]",46
18,"[0, 3]",103.39999999999628,"[17, -999]","[0, 0]","[0, 0]",46
19,"[0, 3]",105.79999999999612,"[18, 18]","[0, 0]","[0, 0]",46
20,"[0, 1]",75.64999999999785,"[19, 11]","[0, 0]","[0, 0]",46
21,"[0, 1]",76.5499999999978,"[20, 20]","[0, 0]","[0, 0]",46
22,"[2, 1]",96.99999999999665,"[13, 26]","[38.89999999999993, 0]","[0, 0]",46
23,"[2, 1]",102.14999999999634,"[22, 27]","[36.55000000000006, 0]","[0, 0]",46
24,"[0, 1]",77.69999999999773,"[21, 21]","[0, 0]","[0, 0]",46
25,"[0, 1]",83.64999999999739,"[24, 12]","[2.4499999999999993, 0]","[2.4499999999999993, 0]",46
26,"[0, 1]",88.44999999999712,"[25, 13]","[2.499999999999999, 0]","[2.499999999999999, 0]",46
27,"[0, 1]",94.79999999999676,"[26, 22]","[2.499999999999999, 0]","[2.499999999999999, 0]",46
28,"[0, 1]",99.94999999999646,"[27, 23]","[2.3999999999999995, 0]","[2.3999999999999995, 0]",46
29,"[2, 1]",107.69999999999602,"[23, 28]","[34.85000000000016, 0]","[0, 0]",46
30,"[0, 1]",104.99999999999618,"[28, 29]","[2.499999999999999, 0]","[2.499999999999999, 0]",46
31,"[0, 1]",110.04999999999588,"[30, 32]","[2.3, 0]","[2.3, 0]",46
32,"[2, 1]",113.09999999999572,"[29, 30]","[33.300000000000246, 0]","[0, 0]",46
33,"[2, 1]",118.5999999999954,"[32, 31]","[31.800000000000317, 0]","[0, 0]",46
34,"[2, 1]",124.14999999999507,"[33, 37]","[30.350000000000296, 0]","[0, 0]",46
35,"[2, 3]",156.3000000000013,"[34, 38]","[29.85000000000029, 0]","[0, 0]",46
36,"[2, 1]",132.49999999999588,"[35, 42]","[29.90000000000029, 0]","[0, 0]",46
37,"[0, 1]",115.1499999999956,"[31, 33]","[2.25, 0]","[2.25, 0]",46
38,"[0, 3]",143.5999999999984,"[37, -999]","[0, 0]","[0, 0]",46
39,"[2, 1]",143.5999999999984,"[36, 46]","[32.250000000000306, 0]","[2.7499999999999982, 0]",46
40,"[0, 1]",115.54999999999558,"[38, 34]","[0, 0]","[0, 0]",46
41,"[2, 1]",148.49999999999952,"[39, 47]","[28.700000000000273, 0]","[0, 0]",46
42,"[0, 1]",116.64999999999552,"[40, 40]","[0, 0]","[0, 0]",46
43,"[2, 1]",153.60000000000068,"[41, 48]","[27.500000000000256, 0]","[0, 0]",46
44,"[0, 1]",122.2499999999952,"[42, 36]","[3.2999999999999963, 0]","[2.549999999999999, 0]",46
45,"[2, 1]",159.10000000000193,"[43, 49]","[26.250000000000238, 0]","[0, 0]",46
46,"[0, 1]",122.69999999999516,"[44, 44]","[0.65, 0]","[0, 0]",46
47,"[0, 1]",128.44999999999496,"[46, 39]","[2.799999999999998, 0]","[2.4499999999999993, 0]",46
48,"[0, 1]",134.54999999999634,"[47, 41]","[2.799999999999998, 0]","[2.799999999999998, 0]",46
49,"[0, 1]",139.74999999999753,"[48, 43]","[2.0500000000000007, 0]","[2.0500000000000007, 0]",46
50,"[2, 1]",164.60000000000318,"[45, 51]","[26.100000000000236, 0]","[0, 0]",46
51,"[0, 1]",144.8999999999987,"[49, 45]","[2.3999999999999995, 0]","[2.3999999999999995, 0]",46
52,"[2, 1]",170.10000000000443,"[50, 54]","[25.450000000000227, 0]","[0, 0]",46
53,"[2, 1]",176.40000000000586,"[52, 56]","[24.40000000000021, 0]","[0, 0]",46
54,"[0, 1]",149.89999999999984,"[51, 50]","[4.549999999999992, 0]","[2.4499999999999993, 0]",46
55,"[0, 3]",178.3500000000063,"[54, -999]","[4.249999999999993, 0]","[0, 0]",46
56,"[0, 1]",149.64999999999978,"[55, 52]","[6.199999999999986, 0]","[0, 0]",46
57,"[0, 1]",155.25000000000105,"[56, 53]","[9.5, 0]","[2.549999999999999, 0]",46
58,"[2, 1]",181.8000000000071,"[53, 57]","[23.250000000000195, 0]","[0, 0]",46
59,"[0, 1]",161.40000000000245,"[57, 58]","[10.100000000000009, 0]","[2.8999999999999977, 0]",46
60,"[2, 3]",211.65000000001388,"[58, 55]","[22.05000000000018, 0]","[0, 0]",46
61,"[0, 1]",160.8000000000023,"[59, 59]","[7.299999999999982, 0]","[0, 0]",46
62,"[0, 1]",167.45000000000385,"[61, 63]","[10.20000000000001, 0]","[2.8999999999999977, 0]",46
63,"[2, 1]",187.4000000000084,"[60, 61]","[22.90000000000019, 0]","[0, 0]",46
64,"[0, 1]",166.9000000000037,"[62, 62]","[7.699999999999981, 0]","[0, 0]",46
65,"[2, 1]",199.4500000000111,"[63, 64]","[25.550000000000228, 0]","[2.549999999999999, 0]",46
66,"[0, 1]",172.30000000000493,"[64, 65]","[10.400000000000013, 0]","[2.4499999999999993, 0]",46
67,"[0, 1]",172.70000000000502,"[66, 66]","[8.549999999999986, 0]","[0, 0]",46
68,"[0, 1]",173.60000000000522,"[67, 67]","[9.199999999999996, 0]","[0, 0]",46
69,"[0, 1]",174.65000000000546,"[68, 68]","[8.899999999999991, 0]","[0, 0]",46
70,"[0, 1]",175.60000000000568,"[69, 69]","[8.09999999999998, 0]","[0, 0]",46
71,"[0, 3]",206.60000000001276,"[70, -999]","[7.249999999999982, 0]","[0, 0]",46
72,"[0, 1]",179.2500000000065,"[71, 70]","[7.299999999999982, 0]","[0, 0]",46
73,"[0, 1]",170.25000000000446,"[72, 72]","[3.2499999999999964, 0]","[0, 0]",46
74,"[0, 1]",169.75000000000435,"[73, 73]","[3.099999999999997, 0]","[0, 0]",46
75,"[0, 1]",165.1500000000033,"[74, 74]","[4.199999999999993, 0]","[0, 0]",46
76,"[0, 1]",165.05000000000328,"[75, 75]","[5.699999999999988, 0]","[0, 0]",46
77,"[0, 1]",163.45000000000292,"[76, 76]","[6.8999999999999835, 0]","[0, 0]",46
78,"[0, 3]",194.00000000000983,"[77, 71]","[7.199999999999982, 0]","[0, 0]",46
79,"[0, 1]",166.4500000000036,"[78, 77]","[7.299999999999982, 0]","[0, 0]",46
0,"[2, 1]",36.40000000000007,"[-999, -999]","[0, 0]","[0, 0]",47
1,"[2, 1]",38.09999999999997,"[0, 0]","[0, 0]","[0, 0]",47
2,"[2, 1]",39.89999999999987,"[1, 1]","[0, 0]","[0, 0]",47
3,"[2, 1]",41.79999999999976,"[2, 2]","[0, 0]","[0, 0]",47
4,"[0, 3]",96.59999999999664,"[-999, -999]","[0, 0]","[0, 0]",47
5,"[2, 1]",43.54999999999966,"[3, 3]","[0, 0]","[0, 0]",47
6,"[2, 1]",45.04999999999958,"[5, 5]","[0, 0]","[0, 0]",47
7,"[2, 1]",46.349999999999504,"[6, 6]","[0, 0]","[0, 0]",47
8,"[2, 1]",47.34999999999945,"[7, 7]","[0, 0]","[0, 0]",47
9,"[2, 1]",48.449999999999385,"[8, 8]","[0, 0]","[0, 0]",47
10,"[2, 1]",54.64999999999903,"[9, 12]","[0, 0]","[0, 0]",47
11,"[2, 1]",55.79999999999897,"[10, 10]","[0, 0]","[0, 0]",47
12,"[0, 1]",68.39999999999826,"[4, 9]","[0, 0]","[0, 0]",47
13,"[2, 1]",68.84999999999823,"[11, 16]","[2.849999999999998, 0]","[2.849999999999998, 0]",47
14,"[0, 3]",100.69999999999642,"[12, 4]","[0, 0]","[0, 0]",47
15,"[0, 1]",78.94999999999766,"[14, 11]","[3.349999999999996, 0]","[3.349999999999996, 0]",47
16,"[0, 1]",78.44999999999769,"[15, 15]","[0, 0]","[0, 0]",47
17,"[0, 1]",84.04999999999737,"[16, 13]","[2.4499999999999993, 0]","[2.4499999999999993, 0]",47
18,"[0, 1]",84.39999999999735,"[17, 17]","[0, 0]","[0, 0]",47
19,"[2, 1]",79.34999999999764,"[13, 18]","[13.950000000000063, 0]","[2.6999999999999984, 0]",47
20,"[0, 1]",90.19999999999702,"[18, 19]","[2.549999999999999, 0]","[2.549999999999999, 0]",47
21,"[0, 1]",96.69999999999663,"[20, 23]","[1.800000000000001, 0]","[1.800000000000001, 0]",47
22,"[0, 1]",101.79999999999636,"[21, 32]","[2.3999999999999995, 0]","[2.3999999999999995, 0]",47
23,"[2, 1]",84.29999999999735,"[19, 20]","[20.80000000000016, 0]","[0, 0]",47
24,"[0, 1]",106.89999999999608,"[22, 39]","[2.25, 0]","[2.25, 0]",47
25,"[0, 1]",111.99999999999578,"[24, 41]","[2.3499999999999996, 0]","[2.3499999999999996, 0]",47
26,"[0, 1]",111.3999999999958,"[25, 25]","[0, 0]","[0, 0]",47
27,"[0, 1]",117.99999999999544,"[26, 47]","[2.849999999999998, 0]","[2.849999999999998, 0]",47
28,"[0, 1]",117.44999999999548,"[27, 27]","[0, 0]","[0, 0]",47
29,"[0, 1]",122.89999999999516,"[28, 48]","[2.4499999999999993, 0]","[2.4499999999999993, 0]",47
30,"[0, 1]",123.24999999999514,"[29, 29]","[0, 0]","[0, 0]",47
31,"[0, 1]",128.599999999995,"[30, 53]","[2.4499999999999993, 0]","[2.4499999999999993, 0]",47
32,"[2, 1]",89.74999999999704,"[23, 21]","[18.450000000000127, 0]","[0, 0]",47
33,"[0, 3]",161.25000000000242,"[31, 54]","[2.4499999999999993, 0]","[2.4499999999999993, 0]",47
34,"[0, 1]",133.39999999999608,"[33, 62]","[0, 0]","[0, 0]",47
35,"[0, 3]",163.800000000003,"[34, 33]","[0, 0]","[0, 0]",47
36,"[0, 1]",135.74999999999662,"[35, 65]","[0, 0]","[0, 0]",47
37,"[0, 1]",136.79999999999686,"[36, 36]","[0, 0]","[0, 0]",47
38,"[0, 1]",137.8499999999971,"[37, 37]","[0, 0]","[0, 0]",47
39,"[2, 1]",95.24999999999672,"[32, 22]","[16.700000000000102, 0]","[0, 0]",47
40,"[0, 1]",143.84999999999846,"[38, 66]","[2.549999999999999, 0]","[2.549999999999999, 0]",47
41,"[2, 1]",100.74999999999642,"[39, 24]","[15.200000000000081, 0]","[0, 0]",47
42,"[0, 1]",144.14999999999853,"[40, 40]","[0, 0]","[0, 0]",47
43,"[0, 3]",174.90000000000552,"[42, 35]","[0, 0]","[0, 0]",47
44,"[0, 1]",147.5999999999993,"[43, 42]","[0, 0]","[0, 0]",47
45,"[2, 3]",131.54999999999566,"[41, -999]","[13.70000000000006, 0]","[0, 0]",47
46,"[0, 1]",148.74999999999957,"[44, 44]","[0, 0]","[0, 0]",47
47,"[2, 1]",106.59999999999609,"[45, 26]","[12.200000000000038, 0]","[0, 0]",47
48,"[2, 1]",118.8999999999954,"[47, 28]","[13.950000000000063, 0]","[2.499999999999999, 0]",47
49,"[2, 3]",147.74999999999935,"[48, 45]","[11.60000000000003, 0]","[0, 0]",47
50,"[0, 1]",149.7999999999998,"[46, 46]","[0, 0]","[0, 0]",47
51,"[0, 1]",150.85000000000005,"[50, 50]","[0, 0]","[0, 0]",47
52,"[0, 1]",151.9000000000003,"[51, 51]","[0.39999999999999997, 0]","[0, 0]",47
53,"[2, 1]",124.99999999999504,"[49, 30]","[11.300000000000026, 0]","[0, 0]",47
54,"[2, 3]",155.55000000000112,"[53, 49]","[11.500000000000028, 0]","[0, 0]",47
55,"[0, 3]",182.9000000000073,"[52, 43]","[0.8000000000000002, 0]","[0, 0]",47
56,"[0, 1]",155.65000000000114,"[55, 52]","[1.0000000000000002, 0]","[0, 0]",47
57,"[0, 1]",156.8000000000014,"[56, 56]","[1.2000000000000004, 0]","[0, 0]",47
58,"[0, 1]",157.85000000000164,"[57, 57]","[1.4000000000000006, 0]","[0, 0]",47
59,"[0, 1]",158.6000000000018,"[58, 58]","[1.5500000000000007, 0]","[0, 0]",47
60,"[0, 1]",158.75000000000185,"[59, 59]","[1.800000000000001, 0]","[0, 0]",47
61,"[0, 1]",154.2000000000008,"[60, 60]","[1.950000000000001, 0]","[0, 0]",47
62,"[2, 1]",127.69999999999489,"[54, 31]","[15.750000000000089, 0]","[0, 0]",47
63,"[0, 1]",150.44999999999996,"[61, 61]","[3.149999999999997, 0]","[0, 0]",47
64,"[0, 1]",149.19999999999968,"[63, 63]","[4.749999999999991, 0]","[0, 0]",47
65,"[2, 1]",136.4999999999968,"[62, 34]","[19.45000000000014, 0]","[3.2499999999999964, 0]",47
66,"[2, 1]",154.2000000000008,"[65, 38]","[25.450000000000227, 0]","[9.700000000000003, 0]",47
67,"[0, 1]",141.99999999999804,"[64, 64]","[3.2499999999999964, 0]","[0, 0]",47
68,"[0, 1]",142.2499999999981,"[67, 67]","[3.349999999999996, 0]","[0, 0]",47
69,"[0, 1]",138.2999999999972,"[68, 68]","[3.7499999999999947, 0]","[0, 0]",47
70,"[0, 1]",138.19999999999715,"[69, 69]","[4.099999999999993, 0]","[0, 0]",47
71,"[0, 1]",137.99999999999713,"[70, 70]","[4.399999999999992, 0]","[0, 0]",47
72,"[0, 1]",137.0499999999969,"[71, 71]","[4.699999999999991, 0]","[0, 0]",47
73,"[0, 1]",131.79999999999572,"[72, 72]","[4.99999999999999, 0]","[0, 0]",47
74,"[0, 3]",161.95000000000258,"[73, -999]","[5.299999999999989, 0]","[0, 0]",47
75,"[0, 1]",134.1999999999963,"[74, 73]","[5.249999999999989, 0]","[0, 0]",47
76,"[0, 1]",134.89999999999642,"[75, 75]","[4.599999999999992, 0]","[0, 0]",47
77,"[0, 1]",126.29999999999497,"[76, 76]","[0, 0]","[0, 0]",47
78,"[0, 3]",156.60000000000136,"[77, 74]","[0, 0]","[0, 0]",47
79,"[0, 1]",129.0499999999951,"[78, 77]","[0.8000000000000002, 0]","[0, 0]",47
0,"[2, 1]",36.40000000000007,"[-999, -999]","[0, 0]","[0, 0]",48
1,"[2, 3]",68.49999999999825,"[0, -999]","[0, 0]","[0, 0]",48
2,"[2, 1]",37.30000000000002,"[1, 0]","[0, 0]","[0, 0]",48
3,"[2, 1]",39.04999999999992,"[2, 2]","[0, 0]","[0, 0]",48
4,"[2, 1]",40.94999999999981,"[3, 3]","[0, 0]","[0, 0]",48
5,"[2, 1]",42.74999999999971,"[4, 4]","[0, 0]","[0, 0]",48
6,"[2, 1]",44.34999999999962,"[5, 5]","[0, 0]","[0, 0]",48
7,"[2, 1]",45.74999999999954,"[6, 6]","[0, 0]","[0, 0]",48
8,"[2, 1]",46.99999999999947,"[7, 7]","[0, 0]","[0, 0]",48
9,"[2, 1]",47.899999999999416,"[8, 8]","[0, 0]","[0, 0]",48
10,"[2, 1]",59.94999999999873,"[9, 14]","[6.549999999999985, 0]","[6.549999999999985, 0]",48
11,"[2, 1]",75.54999999999785,"[10, 17]","[9.850000000000005, 0]","[9.850000000000005, 0]",48
12,"[0, 1]",72.19999999999804,"[-999, 9]","[0, 0]","[2.25, 0]",48
13,"[2, 1]",80.34999999999758,"[11, 18]","[0, 0]","[0, 0]",48
14,"[0, 1]",73.54999999999797,"[12, 12]","[0, 0]","[0, 0]",48
15,"[0, 1]",79.54999999999762,"[14, 10]","[2.4499999999999993, 0]","[2.4499999999999993, 0]",48
16,"[0, 1]",79.8999999999976,"[15, 15]","[0, 0]","[0, 0]",48
17,"[0, 1]",80.89999999999755,"[16, 16]","[0, 0]","[0, 0]",48
18,"[0, 1]",86.8999999999972,"[17, 11]","[2.499999999999999, 0]","[2.499999999999999, 0]",48
19,"[0, 1]",91.54999999999694,"[18, 13]","[2.4499999999999993, 0]","[2.4499999999999993, 0]",48
20,"[0, 1]",96.44999999999666,"[19, 27]","[2.499999999999999, 0]","[2.499999999999999, 0]",48
21,"[0, 1]",96.94999999999663,"[20, 20]","[0, 0]","[0, 0]",48
22,"[0, 1]",102.24999999999632,"[21, 30]","[2.4499999999999993, 0]","[2.4499999999999993, 0]",48
23,"[0, 1]",102.7499999999963,"[22, 22]","[0, 0]","[0, 0]",48
24,"[0, 1]",103.64999999999624,"[23, 23]","[0, 0]","[0, 0]",48
25,"[0, 1]",104.6999999999962,"[24, 24]","[0, 0]","[0, 0]",48
26,"[0, 1]",105.74999999999612,"[25, 25]","[0, 0]","[0, 0]",48
27,"[2, 1]",85.54999999999728,"[13, 19]","[27.600000000000257, 0]","[0, 0]",48
28,"[0, 1]",106.74999999999608,"[26, 26]","[0, 0]","[0, 0]",48
29,"[2, 3]",115.79999999999556,"[27, -999]","[39.04999999999992, 0]","[0.05, 0]",48
30,"[2, 1]",91.59999999999694,"[29, 21]","[36.70000000000005, 0]","[0, 0]",48
31,"[0, 1]",113.79999999999568,"[28, 36]","[1.850000000000001, 0]","[1.850000000000001, 0]",48
32,"[2, 3]",121.89999999999522,"[30, 29]","[35.00000000000015, 0]","[0, 0]",48
33,"[2, 3]",125.09999999999503,"[32, 32]","[33.45000000000024, 0]","[0, 0]",48
34,"[2, 3]",127.64999999999488,"[33, 33]","[31.90000000000032, 0]","[0, 0]",48
35,"[2, 3]",130.04999999999532,"[34, 34]","[30.450000000000298, 0]","[0, 0]",48
36,"[2, 1]",109.04999999999596,"[35, 28]","[32.250000000000306, 0]","[3.2499999999999964, 0]",48
37,"[2, 3]",138.54999999999723,"[36, 35]","[27.500000000000256, 0]","[0, 0]",48
38,"[2, 3]",141.799999999998,"[37, 37]","[26.35000000000024, 0]","[0, 0]",48
39,"[0, 1]",113.19999999999573,"[31, 31]","[0, 0]","[0, 0]",48
40,"[0, 1]",113.74999999999568,"[39, 39]","[0, 0]","[0, 0]",48
41,"[0, 1]",119.34999999999536,"[40, 42]","[2.5999999999999988, 0]","[2.5999999999999988, 0]",48
42,"[2, 1]",115.84999999999556,"[38, 40]","[26.100000000000236, 0]","[0, 0]",48
43,"[0, 1]",119.84999999999532,"[41, 41]","[0, 0]","[0, 0]",48
44,"[0, 1]",125.14999999999505,"[43, 54]","[2.499999999999999, 0]","[2.499999999999999, 0]",48
45,"[0, 1]",125.599999999995,"[44, 44]","[0, 0]","[0, 0]",48
46,"[0, 1]",130.89999999999552,"[45, 62]","[2.3999999999999995, 0]","[2.3999999999999995, 0]",48
47,"[0, 1]",131.49999999999565,"[46, 46]","[0, 0]","[0, 0]",48
48,"[0, 3]",162.30000000000263,"[47, 55]","[0, 0]","[0, 0]",48
49,"[0, 1]",139.69999999999752,"[48, 69]","[3.099999999999997, 0]","[3.099999999999997, 0]",48
50,"[2, 3]",146.249999999999,"[42, 38]","[25.200000000000223, 0]","[0, 0]",48
51,"[0, 1]",139.79999999999754,"[49, 49]","[0, 0]","[0, 0]",48
52,"[0, 1]",140.69999999999774,"[51, 51]","[0, 0]","[0, 0]",48
53,"[0, 1]",147.44999999999928,"[52, 74]","[2.4499999999999993, 0]","[2.4499999999999993, 0]",48
54,"[2, 1]",122.84999999999516,"[50, 43]","[24.050000000000207, 0]","[0, 0]",48
55,"[2, 3]",153.35000000000062,"[54, 50]","[22.90000000000019, 0]","[0, 0]",48
56,"[0, 1]",147.0999999999992,"[53, 53]","[0, 0]","[0, 0]",48
57,"[0, 1]",147.84999999999937,"[56, 56]","[0, 0]","[0, 0]",48
58,"[0, 1]",148.8999999999996,"[57, 57]","[0, 0]","[0, 0]",48
59,"[0, 1]",149.94999999999985,"[58, 58]","[0, 0]","[0, 0]",48
60,"[0, 1]",151.00000000000009,"[59, 59]","[0, 0]","[0, 0]",48
61,"[0, 1]",151.9500000000003,"[60, 60]","[1.0000000000000002, 0]","[0, 0]",48
62,"[2, 1]",129.4499999999952,"[55, 45]","[21.55000000000017, 0]","[0, 0]",48
63,"[0, 1]",152.8000000000005,"[61, 61]","[1.4000000000000006, 0]","[0, 0]",48
64,"[0, 1]",153.45000000000064,"[63, 63]","[0.8500000000000002, 0]","[0, 0]",48
65,"[0, 1]",148.24999999999946,"[64, 64]","[0.9000000000000002, 0]","[0, 0]",48
66,"[2, 1]",140.8999999999978,"[62, 47]","[23.200000000000195, 0]","[2.9999999999999973, 0]",48
67,"[0, 1]",148.64999999999955,"[65, 65]","[2.000000000000001, 0]","[0, 0]",48
68,"[0, 1]",149.44999999999973,"[67, 67]","[3.599999999999995, 0]","[0, 0]",48
69,"[2, 1]",140.59999999999772,"[66, 66]","[18.950000000000134, 0]","[0, 0]",48
70,"[0, 1]",150.29999999999993,"[68, 68]","[5.399999999999989, 0]","[0, 0]",48
71,"[0, 1]",151.00000000000009,"[70, 70]","[6.8999999999999835, 0]","[0, 0]",48
72,"[0, 1]",151.35000000000016,"[71, 71]","[7.349999999999982, 0]","[0, 0]",48
73,"[0, 1]",144.4999999999986,"[72, 72]","[5.599999999999988, 0]","[0, 0]",48
74,"[2, 1]",158.9500000000019,"[69, 52]","[28.700000000000273, 0]","[9.950000000000006, 0]",48
75,"[0, 1]",144.9499999999987,"[73, 73]","[5.349999999999989, 0]","[0, 0]",48
76,"[0, 3]",175.45000000000564,"[75, -999]","[4.499999999999992, 0]","[0, 0]",48
77,"[0, 1]",141.69999999999797,"[76, 75]","[3.5499999999999954, 0]","[0, 0]",48
78,"[0, 3]",172.50000000000497,"[77, 76]","[3.5499999999999954, 0]","[0, 0]",48
79,"[0, 1]",139.04999999999737,"[78, 77]","[3.2999999999999963, 0]","[0, 0]",48
0,"[2, 1]",36.40000000000007,"[-999, -999]","[0, 0]","[0, 0]",49
1,"[2, 1]",38.09999999999997,"[0, 0]","[0, 0]","[0, 0]",49
2,"[2, 1]",39.89999999999987,"[1, 1]","[0, 0]","[0, 0]",49
3,"[2, 1]",41.79999999999976,"[2, 2]","[0, 0]","[0, 0]",49
4,"[2, 1]",43.54999999999966,"[3, 3]","[0, 0]","[0, 0]",49
5,"[2, 1]",45.099999999999575,"[4, 4]","[0, 0]","[0, 0]",49
6,"[2, 1]",46.349999999999504,"[5, 5]","[0, 0]","[0, 0]",49
7,"[2, 1]",47.39999999999944,"[6, 6]","[0, 0]","[0, 0]",49
8,"[2, 1]",48.449999999999385,"[7, 7]","[0, 0]","[0, 0]",49
9,"[2, 1]",69.99999999999817,"[8, 16]","[13.300000000000054, 0]","[13.300000000000054, 0]",49
10,"[2, 1]",79.79999999999761,"[9, 21]","[2.3499999999999996, 0]","[2.3499999999999996, 0]",49
11,"[2, 1]",84.74999999999733,"[10, 22]","[0, 0]","[0, 0]",49
12,"[0, 1]",68.84999999999823,"[-999, 8]","[0, 0]","[0, 0]",49
13,"[2, 1]",89.84999999999704,"[11, 24]","[32.05000000000032, 0]","[0, 0]",49
14,"[0, 1]",70.34999999999815,"[12, 12]","[0, 0]","[0, 0]",49
15,"[0, 1]",71.34999999999809,"[14, 14]","[0, 0]","[0, 0]",49
16,"[0, 1]",72.04999999999805,"[15, 15]","[0, 0]","[0, 0]",49
17,"[0, 1]",78.69999999999767,"[16, 9]","[1.4500000000000006, 0]","[1.4500000000000006, 0]",49
18,"[2, 1]",95.29999999999671,"[13, 26]","[37.94999999999998, 0]","[0, 0]",49
19,"[2, 1]",100.79999999999642,"[18, 27]","[35.600000000000115, 0]","[0, 0]",49
20,"[2, 1]",106.2499999999961,"[19, 28]","[33.90000000000021, 0]","[0, 0]",49
21,"[0, 1]",78.0999999999977,"[17, 17]","[0, 0]","[0, 0]",49
22,"[0, 1]",83.5499999999974,"[21, 10]","[2.499999999999999, 0]","[2.499999999999999, 0]",49
23,"[2, 1]",111.6999999999958,"[20, 30]","[32.4000000000003, 0]","[0, 0]",49
24,"[0, 1]",89.74999999999704,"[22, 11]","[2.3, 0]","[2.3, 0]",49
25,"[2, 1]",117.14999999999549,"[23, 31]","[30.950000000000305, 0]","[0, 0]",49
26,"[0, 1]",94.84999999999675,"[24, 13]","[2.549999999999999, 0]","[2.549999999999999, 0]",49
27,"[0, 1]",99.84999999999648,"[26, 18]","[2.4499999999999993, 0]","[2.4499999999999993, 0]",49
28,"[0, 1]",104.89999999999618,"[27, 19]","[2.5999999999999988, 0]","[2.5999999999999988, 0]",49
29,"[2, 1]",122.54999999999518,"[25, 36]","[29.500000000000284, 0]","[0, 0]",49
30,"[0, 1]",109.9999999999959,"[28, 20]","[2.4499999999999993, 0]","[2.4499999999999993, 0]",49
31,"[0, 1]",115.0499999999956,"[30, 23]","[2.3499999999999996, 0]","[2.3499999999999996, 0]",49
32,"[2, 1]",128.09999999999488,"[29, 37]","[28.100000000000264, 0]","[0, 0]",49
33,"[2, 1]",128.44999999999496,"[32, 32]","[26.650000000000244, 0]","[0, 0]",49
34,"[2, 3]",161.55000000000248,"[33, 39]","[25.250000000000224, 0]","[0, 0]",49
35,"[2, 1]",137.24999999999696,"[34, 41]","[23.850000000000204, 0]","[0, 0]",49
36,"[0, 1]",120.09999999999532,"[31, 25]","[2.3, 0]","[2.3, 0]",49
37,"[0, 1]",125.09999999999503,"[36, 29]","[2.4499999999999993, 0]","[2.4499999999999993, 0]",49
38,"[0, 3]",151.35000000000016,"[37, -999]","[0, 0]","[0, 0]",49
39,"[0, 3]",153.80000000000072,"[38, 38]","[0, 0]","[0, 0]",49
40,"[0, 1]",127.4999999999949,"[39, 33]","[0, 0]","[0, 0]",49
41,"[0, 1]",127.59999999999488,"[40, 40]","[0, 0]","[0, 0]",49
42,"[2, 1]",143.1999999999983,"[35, 44]","[22.400000000000183, 0]","[0, 0]",49
43,"[2, 1]",148.34999999999948,"[42, 46]","[21.000000000000163, 0]","[0, 0]",49
44,"[0, 1]",132.999999999996,"[41, 35]","[2.4499999999999993, 0]","[2.4499999999999993, 0]",49
45,"[2, 1]",153.80000000000072,"[43, 50]","[19.650000000000144, 0]","[0, 0]",49
46,"[0, 1]",139.39999999999745,"[44, 42]","[2.549999999999999, 0]","[2.549999999999999, 0]",49
47,"[2, 1]",159.30000000000197,"[45, 52]","[18.200000000000124, 0]","[0, 0]",49
48,"[2, 1]",164.7000000000032,"[47, 56]","[16.850000000000104, 0]","[0, 0]",49
49,"[2, 3]",195.5500000000102,"[48, -999]","[15.500000000000085, 0]","[0, 0]",49
50,"[0, 1]",144.4499999999986,"[46, 43]","[2.499999999999999, 0]","[2.499999999999999, 0]",49
51,"[2, 1]",170.8000000000046,"[49, 58]","[14.150000000000066, 0]","[0, 0]",49
52,"[0, 1]",149.44999999999973,"[50, 45]","[2.4499999999999993, 0]","[2.4499999999999993, 0]",49
53,"[2, 3]",202.1000000000117,"[51, 49]","[14.200000000000067, 0]","[0, 0]",49
54,"[2, 1]",177.55000000000612,"[53, 61]","[14.950000000000077, 0]","[0, 0]",49
55,"[2, 1]",195.65000000001024,"[54, 66]","[21.600000000000172, 0]","[6.549999999999985, 0]",49
56,"[0, 1]",154.5500000000009,"[52, 47]","[2.499999999999999, 0]","[2.499999999999999, 0]",49
57,"[0, 1]",159.60000000000204,"[56, 48]","[2.4499999999999993, 0]","[2.4499999999999993, 0]",49
58,"[0, 1]",159.05000000000192,"[57, 57]","[0, 0]","[0, 0]",49
59,"[0, 1]",165.6000000000034,"[58, 51]","[2.9999999999999973, 0]","[2.9999999999999973, 0]",49
60,"[2, 1]",200.5000000000113,"[55, 67]","[14.950000000000077, 0]","[0, 0]",49
61,"[0, 1]",165.1000000000033,"[59, 59]","[0, 0]","[0, 0]",49
62,"[0, 3]",195.0500000000101,"[61, 53]","[0, 0]","[0, 0]",49
63,"[0, 1]",166.35000000000358,"[62, 54]","[0, 0]","[0, 0]",49
64,"[0, 1]",167.45000000000385,"[63, 63]","[0, 0]","[0, 0]",49
65,"[2, 3]",230.85000000001824,"[60, 62]","[15.950000000000092, 0]","[0, 0]",49
66,"[0, 1]",168.55000000000408,"[64, 64]","[0, 0]","[0, 0]",49
67,"[0, 1]",174.45000000000542,"[66, 55]","[2.4499999999999993, 0]","[2.4499999999999993, 0]",49
68,"[0, 1]",180.20000000000672,"[67, 60]","[2.849999999999998, 0]","[2.849999999999998, 0]",49
69,"[0, 1]",180.1500000000067,"[68, 68]","[0, 0]","[0, 0]",49
70,"[0, 1]",185.30000000000788,"[69, 74]","[2.4499999999999993, 0]","[2.4499999999999993, 0]",49
71,"[0, 1]",185.700000000008,"[70, 70]","[0, 0]","[0, 0]",49
72,"[0, 1]",186.2500000000081,"[71, 71]","[0, 0]","[0, 0]",49
73,"[0, 1]",183.30000000000743,"[72, 72]","[0, 0]","[0, 0]",49
74,"[2, 1]",207.10000000001284,"[65, 69]","[16.5500000000001, 0]","[0, 0]",49
75,"[0, 1]",179.45000000000655,"[73, 73]","[0, 0]","[0, 0]",49
76,"[2, 3]",236.9000000000196,"[74, 65]","[16.6500000000001, 0]","[0, 0]",49
77,"[0, 1]",176.50000000000588,"[75, 75]","[0, 0]","[0, 0]",49
78,"[0, 1]",170.8000000000046,"[77, 77]","[0, 0]","[0, 0]",49
79,"[2, 3]",239.4500000000202,"[76, 76]","[17.20000000000011, 0]","[0, 0]",49
0,"[2, 1]",36.40000000000007,"[-999, -999]","[0, 0]","[0, 0]",50
1,"[2, 1]",38.09999999999997,"[0, 0]","[0, 0]","[0, 0]",50
2,"[2, 1]",39.89999999999987,"[1, 1]","[0, 0]","[0, 0]",50
3,"[2, 1]",41.79999999999976,"[2, 2]","[0, 0]","[0, 0]",50
4,"[2, 1]",43.54999999999966,"[3, 3]","[0, 0]","[0, 0]",50
5,"[2, 1]",45.099999999999575,"[4, 4]","[0, 0]","[0, 0]",50
6,"[2, 1]",46.349999999999504,"[5, 5]","[0, 0]","[0, 0]",50
7,"[2, 1]",47.39999999999944,"[6, 6]","[0, 0]","[0, 0]",50
8,"[2, 1]",48.449999999999385,"[7, 7]","[0, 0]","[0, 0]",50
9,"[2, 1]",65.39999999999843,"[8, 16]","[9.950000000000006, 0]","[9.950000000000006, 0]",50
10,"[2, 1]",69.69999999999818,"[9, 17]","[0, 0]","[0, 0]",50
11,"[2, 1]",76.19999999999781,"[10, 20]","[0, 0]","[0, 0]",50
12,"[0, 1]",68.84999999999823,"[-999, 8]","[0, 0]","[0, 0]",50
13,"[2, 1]",81.54999999999751,"[11, 21]","[23.6500000000002, 0]","[0, 0]",50
14,"[2, 3]",112.44999999999575,"[13, 19]","[35.65000000000011, 0]","[0.05, 0]",50
15,"[0, 1]",70.34999999999815,"[12, 12]","[0, 0]","[0, 0]",50
16,"[0, 1]",71.34999999999809,"[15, 15]","[0, 0]","[0, 0]",50
17,"[0, 1]",78.2999999999977,"[16, 9]","[1.1500000000000004, 0]","[1.1500000000000004, 0]",50
18,"[2, 1]",87.84999999999715,"[14, 23]","[33.300000000000246, 0]","[0, 0]",50
19,"[0, 3]",104.4499999999962,"[17, -999]","[0, 0]","[0, 0]",50
20,"[0, 1]",78.44999999999769,"[19, 10]","[0, 0]","[0, 0]",50
21,"[0, 1]",84.04999999999737,"[20, 11]","[2.549999999999999, 0]","[2.549999999999999, 0]",50
22,"[0, 1]",89.64999999999705,"[21, 13]","[2.6999999999999984, 0]","[2.6999999999999984, 0]",50
23,"[0, 1]",89.74999999999704,"[22, 22]","[0, 0]","[0, 0]",50
24,"[0, 1]",95.34999999999673,"[23, 18]","[2.6499999999999986, 0]","[2.6499999999999986, 0]",50
25,"[0, 1]",95.7499999999967,"[24, 24]","[0, 0]","[0, 0]",50
26,"[0, 1]",96.64999999999664,"[25, 25]","[0, 0]","[0, 0]",50
27,"[2, 1]",104.8499999999962,"[18, 26]","[41.49999999999978, 0]","[9.900000000000006, 0]",50
28,"[0, 1]",103.64999999999624,"[26, 27]","[2.1500000000000004, 0]","[2.1500000000000004, 0]",50
29,"[0, 1]",108.69999999999597,"[28, 30]","[2.499999999999999, 0]","[2.499999999999999, 0]",50
30,"[2, 1]",109.29999999999592,"[27, 28]","[30.00000000000029, 0]","[0, 0]",50
31,"[0, 1]",113.74999999999568,"[29, 32]","[2.3499999999999996, 0]","[2.3499999999999996, 0]",50
32,"[2, 1]",114.79999999999562,"[30, 29]","[28.50000000000027, 0]","[0, 0]",50
33,"[0, 1]",118.7999999999954,"[31, 34]","[2.5999999999999988, 0]","[2.5999999999999988, 0]",50
34,"[2, 1]",120.24999999999532,"[32, 31]","[27.00000000000025, 0]","[0, 0]",50
35,"[2, 1]",125.799999999995,"[34, 33]","[25.550000000000228, 0]","[0, 0]",50
36,"[2, 1]",131.19999999999558,"[35, 37]","[24.100000000000207, 0]","[0, 0]",50
37,"[0, 1]",123.8999999999951,"[33, 35]","[2.4499999999999993, 0]","[2.4499999999999993, 0]",50
38,"[2, 1]",136.79999999999686,"[36, 40]","[22.650000000000187, 0]","[0, 0]",50
39,"[2, 3]",168.90000000000416,"[38, 42]","[21.200000000000166, 0]","[0, 0]",50
40,"[0, 1]",128.99999999999508,"[37, 36]","[2.3499999999999996, 0]","[2.3499999999999996, 0]",50
41,"[2, 1]",145.3999999999988,"[39, 46]","[21.55000000000017, 0]","[0, 0]",50
42,"[0, 3]",157.40000000000154,"[40, -999]","[0, 0]","[0, 0]",50
43,"[2, 1]",156.55000000000135,"[41, 52]","[25.450000000000227, 0]","[3.149999999999997, 0]",50
44,"[0, 1]",129.39999999999517,"[42, 38]","[0, 0]","[0, 0]",50
45,"[2, 1]",161.45000000000246,"[43, 55]","[22.700000000000188, 0]","[0, 0]",50
46,"[0, 1]",130.49999999999542,"[44, 44]","[0, 0]","[0, 0]",50
47,"[2, 1]",172.70000000000502,"[45, 57]","[26.100000000000236, 0]","[2.549999999999999, 0]",50
48,"[2, 1]",177.60000000000613,"[47, 58]","[34.350000000000186, 0]","[0, 0]",50
49,"[2, 3]",208.15000000001308,"[48, -999]","[35.950000000000095, 0]","[0, 0]",50
50,"[2, 3]",211.10000000001372,"[49, 49]","[35.70000000000011, 0]","[0, 0]",50
51,"[0, 1]",136.44999999999678,"[46, 41]","[3.349999999999996, 0]","[2.5999999999999988, 0]",50
52,"[0, 1]",136.79999999999686,"[51, 51]","[0.6, 0]","[0, 0]",50
53,"[2, 1]",185.50000000000796,"[50, 61]","[35.00000000000015, 0]","[0, 0]",50
54,"[2, 1]",191.0000000000092,"[53, 62]","[34.1500000000002, 0]","[0, 0]",50
55,"[0, 1]",142.6499999999982,"[52, 43]","[2.6999999999999984, 0]","[2.4499999999999993, 0]",50
56,"[0, 1]",148.09999999999943,"[55, 45]","[2.6499999999999986, 0]","[2.6499999999999986, 0]",50
57,"[0, 1]",148.19999999999945,"[56, 56]","[0, 0]","[0, 0]",50
58,"[0, 1]",153.95000000000076,"[57, 47]","[2.9499999999999975, 0]","[2.499999999999999, 0]",50
59,"[0, 1]",160.15000000000217,"[58, 48]","[6.149999999999986, 0]","[2.7499999999999982, 0]",50
60,"[0, 1]",159.50000000000202,"[59, 59]","[4.749999999999991, 0]","[0, 0]",50
61,"[0, 1]",160.10000000000215,"[60, 60]","[5.14999999999999, 0]","[0, 0]",50
62,"[0, 1]",165.5500000000034,"[61, 53]","[7.94999999999998, 0]","[2.499999999999999, 0]",50
63,"[0, 1]",172.00000000000486,"[62, 54]","[8.699999999999989, 0]","[2.1000000000000005, 0]",50
64,"[0, 1]",171.45000000000474,"[63, 63]","[7.149999999999983, 0]","[0, 0]",50
65,"[2, 3]",221.20000000001605,"[54, 50]","[33.150000000000254, 0]","[0, 0]",50
66,"[0, 1]",172.05000000000487,"[64, 64]","[7.4499999999999815, 0]","[0, 0]",50
67,"[0, 1]",177.8500000000062,"[66, 76]","[10.650000000000016, 0]","[2.3999999999999995, 0]",50
68,"[0, 1]",178.25000000000628,"[67, 67]","[8.79999999999999, 0]","[0, 0]",50
69,"[0, 1]",179.1500000000065,"[68, 68]","[9.099999999999994, 0]","[0, 0]",50
70,"[0, 1]",180.00000000000668,"[69, 69]","[9.349999999999998, 0]","[0, 0]",50
71,"[0, 1]",180.9500000000069,"[70, 70]","[8.899999999999991, 0]","[0, 0]",50
72,"[0, 1]",181.65000000000703,"[71, 71]","[8.549999999999986, 0]","[0, 0]",50
73,"[0, 1]",176.05000000000578,"[72, 72]","[7.84999999999998, 0]","[0, 0]",50
74,"[0, 1]",175.6500000000057,"[73, 73]","[7.99999999999998, 0]","[0, 0]",50
75,"[0, 1]",161.30000000000243,"[74, 74]","[2.25, 0]","[0, 0]",50
76,"[2, 1]",203.450000000012,"[65, 66]","[36.150000000000084, 0]","[2.2, 0]",50
77,"[0, 1]",160.7500000000023,"[75, 75]","[1.4000000000000006, 0]","[0, 0]",50
78,"[2, 3]",233.3500000000188,"[76, 65]","[35.40000000000013, 0]","[0, 0]",50
79,"[0, 1]",156.20000000000127,"[77, 77]","[2.000000000000001, 0]","[0, 0]",50
0,"[2, 1]",36.40000000000007,"[-999, -999]","[0, 0]","[0, 0]",51
1,"[2, 1]",38.09999999999997,"[0, 0]","[0, 0]","[0, 0]",51
2,"[2, 1]",39.89999999999987,"[1, 1]","[0, 0]","[0, 0]",51
3,"[2, 1]",41.79999999999976,"[2, 2]","[0, 0]","[0, 0]",51
4,"[2, 3]",70.24999999999815,"[3, -999]","[0, 0]","[0, 0]",51
5,"[2, 1]",38.69999999999994,"[4, 3]","[0, 0]","[0, 0]",51
6,"[2, 1]",40.64999999999983,"[5, 5]","[0, 0]","[0, 0]",51
7,"[2, 1]",42.49999999999972,"[6, 6]","[0, 0]","[0, 0]",51
8,"[2, 1]",44.04999999999964,"[7, 7]","[0, 0]","[0, 0]",51
9,"[2, 1]",45.59999999999955,"[8, 8]","[0, 0]","[0, 0]",51
10,"[2, 1]",46.84999999999948,"[9, 9]","[0, 0]","[0, 0]",51
11,"[2, 1]",53.29999999999911,"[10, 14]","[2.25, 0]","[2.25, 0]",51
12,"[2, 1]",63.84999999999851,"[11, 16]","[9.700000000000003, 0]","[9.700000000000003, 0]",51
13,"[2, 1]",74.34999999999792,"[12, 18]","[17.500000000000114, 0]","[5.349999999999989, 0]",51
14,"[0, 1]",72.24999999999804,"[-999, 10]","[0, 0]","[2.4499999999999993, 0]",51
15,"[0, 1]",78.34999999999769,"[14, 11]","[2.3, 0]","[2.3, 0]",51
16,"[0, 1]",78.79999999999767,"[15, 15]","[0, 0]","[0, 0]",51
17,"[0, 1]",84.59999999999734,"[16, 12]","[2.3499999999999996, 0]","[2.3499999999999996, 0]",51
18,"[0, 1]",84.99999999999731,"[17, 17]","[0, 0]","[0, 0]",51
19,"[0, 1]",90.84999999999698,"[18, 13]","[2.549999999999999, 0]","[2.549999999999999, 0]",51
20,"[0, 1]",95.49999999999672,"[19, 21]","[2.3999999999999995, 0]","[2.3999999999999995, 0]",51
21,"[2, 1]",79.14999999999765,"[13, 19]","[26.650000000000244, 0]","[1.2000000000000004, 0]",51
22,"[2, 1]",84.24999999999736,"[21, 20]","[27.05000000000025, 0]","[0, 0]",51
23,"[0, 1]",100.29999999999644,"[20, 22]","[2.499999999999999, 0]","[2.499999999999999, 0]",51
24,"[0, 1]",105.19999999999617,"[23, 27]","[2.499999999999999, 0]","[2.499999999999999, 0]",51
25,"[0, 1]",111.04999999999583,"[24, 29]","[2.799999999999998, 0]","[2.799999999999998, 0]",51
26,"[0, 1]",110.89999999999584,"[25, 25]","[0, 0]","[0, 0]",51
27,"[2, 1]",89.59999999999705,"[22, 23]","[32.100000000000314, 0]","[0, 0]",51
28,"[0, 1]",116.59999999999552,"[26, 30]","[2.499999999999999, 0]","[2.499999999999999, 0]",51
29,"[2, 1]",94.94999999999676,"[27, 24]","[29.700000000000287, 0]","[0, 0]",51
30,"[2, 1]",106.14999999999613,"[29, 26]","[30.6500000000003, 0]","[2.5999999999999988, 0]",51
31,"[0, 1]",122.89999999999516,"[28, 32]","[2.25, 0]","[2.25, 0]",51
32,"[2, 1]",111.09999999999584,"[30, 28]","[26.45000000000024, 0]","[0, 0]",51
33,"[0, 1]",128.04999999999487,"[31, 34]","[2.3, 0]","[2.3, 0]",51
34,"[2, 1]",116.34999999999552,"[32, 31]","[25.00000000000022, 0]","[0, 0]",51
35,"[2, 1]",121.84999999999522,"[34, 33]","[23.5500000000002, 0]","[0, 0]",51
36,"[2, 1]",127.29999999999492,"[35, 37]","[22.15000000000018, 0]","[0, 0]",51
37,"[0, 1]",133.09999999999602,"[33, 35]","[2.3, 0]","[2.3, 0]",51
38,"[0, 1]",138.09999999999715,"[37, 36]","[2.549999999999999, 0]","[2.549999999999999, 0]",51
39,"[2, 1]",132.69999999999592,"[36, 38]","[20.70000000000016, 0]","[0, 0]",51
40,"[0, 1]",143.24999999999832,"[38, 39]","[2.3999999999999995, 0]","[2.3999999999999995, 0]",51
41,"[2, 1]",138.2499999999972,"[39, 40]","[19.30000000000014, 0]","[0, 0]",51
42,"[2, 3]",169.1000000000042,"[41, -999]","[17.90000000000012, 0]","[0, 0]",51
43,"[0, 1]",148.29999999999947,"[40, 41]","[2.3499999999999996, 0]","[2.3499999999999996, 0]",51
44,"[0, 1]",147.6999999999993,"[43, 43]","[0, 0]","[0, 0]",51
45,"[2, 3]",172.05000000000487,"[42, 42]","[17.800000000000118, 0]","[0, 0]",51
46,"[0, 1]",148.29999999999947,"[44, 44]","[0, 0]","[0, 0]",51
47,"[0, 1]",149.3499999999997,"[46, 46]","[0, 0]","[0, 0]",51
48,"[0, 3]",185.30000000000788,"[47, 53]","[3.2999999999999963, 0]","[3.2999999999999963, 0]",51
49,"[0, 3]",186.55000000000817,"[48, 48]","[0, 0]","[0, 0]",51
50,"[0, 3]",187.5000000000084,"[49, 49]","[0, 0]","[0, 0]",51
51,"[2, 3]",174.4000000000054,"[45, 45]","[17.550000000000114, 0]","[0, 0]",51
52,"[0, 1]",156.8000000000014,"[50, 69]","[0, 0]","[0, 0]",51
53,"[2, 3]",176.65000000000592,"[51, 51]","[18.70000000000013, 0]","[0, 0]",51
54,"[0, 3]",189.3000000000088,"[52, 78]","[0, 0]","[0, 0]",51
55,"[0, 1]",159.75000000000207,"[54, 52]","[0, 0]","[0, 0]",51
56,"[0, 1]",160.85000000000232,"[55, 55]","[0, 0]","[0, 0]",51
57,"[0, 1]",161.90000000000256,"[56, 56]","[0, 0]","[0, 0]",51
58,"[0, 1]",162.9500000000028,"[57, 57]","[0, 0]","[0, 0]",51
59,"[0, 1]",163.95000000000303,"[58, 58]","[0, 0]","[0, 0]",51
60,"[0, 1]",165.00000000000327,"[59, 59]","[0, 0]","[0, 0]",51
61,"[0, 1]",166.0500000000035,"[60, 60]","[0, 0]","[0, 0]",51
62,"[0, 1]",167.0500000000037,"[61, 61]","[0.3, 0]","[0, 0]",51
63,"[0, 1]",167.90000000000393,"[62, 62]","[0.8500000000000002, 0]","[0, 0]",51
64,"[0, 1]",167.70000000000388,"[63, 63]","[1.1500000000000004, 0]","[0, 0]",51
65,"[0, 1]",163.65000000000296,"[64, 64]","[1.4000000000000006, 0]","[0, 0]",51
66,"[2, 1]",147.29999999999924,"[53, 47]","[18.800000000000132, 0]","[0, 0]",51
67,"[0, 1]",159.35000000000198,"[65, 65]","[1.7000000000000008, 0]","[0, 0]",51
68,"[0, 1]",157.9500000000017,"[67, 67]","[1.4000000000000006, 0]","[0, 0]",51
69,"[2, 1]",149.64999999999978,"[66, 66]","[18.500000000000128, 0]","[0, 0]",51
70,"[0, 1]",151.9000000000003,"[68, 68]","[0, 0]","[0, 0]",51
71,"[0, 1]",150.75000000000003,"[70, 70]","[0, 0]","[0, 0]",51
72,"[0, 1]",147.29999999999924,"[71, 71]","[0, 0]","[0, 0]",51
73,"[0, 1]",143.1999999999983,"[72, 72]","[0, 0]","[0, 0]",51
74,"[0, 1]",139.44999999999746,"[73, 73]","[0, 0]","[0, 0]",51
75,"[0, 1]",135.99999999999667,"[74, 74]","[0, 0]","[0, 0]",51
76,"[0, 3]",160.65000000000228,"[75, -999]","[0, 0]","[0, 0]",51
77,"[0, 1]",129.5499999999952,"[76, 75]","[0, 0]","[0, 0]",51
78,"[2, 3]",186.85000000000824,"[69, 50]","[20.200000000000152, 0]","[0, 0]",51
79,"[0, 1]",130.19999999999536,"[77, 77]","[0, 0]","[0, 0]",51
0,"[2, 1]",36.40000000000007,"[-999, -999]","[0, 0]","[0, 0]",52
1,"[2, 1]",38.09999999999997,"[0, 0]","[0, 0]","[0, 0]",52
2,"[2, 1]",39.89999999999987,"[1, 1]","[0, 0]","[0, 0]",52
3,"[2, 1]",41.79999999999976,"[2, 2]","[0, 0]","[0, 0]",52
4,"[0, 1]",72.34999999999803,"[-999, 8]","[0, 0]","[2.549999999999999, 0]",52
5,"[2, 1]",43.54999999999966,"[3, 3]","[0, 0]","[0, 0]",52
6,"[2, 1]",45.04999999999958,"[5, 5]","[0, 0]","[0, 0]",52
7,"[2, 1]",46.349999999999504,"[6, 6]","[0, 0]","[0, 0]",52
8,"[2, 1]",47.39999999999944,"[7, 7]","[0, 0]","[0, 0]",52
9,"[2, 1]",53.99999999999907,"[8, 4]","[3.149999999999997, 0]","[3.149999999999997, 0]",52
10,"[2, 1]",69.2999999999982,"[9, 15]","[9.650000000000002, 0]","[9.650000000000002, 0]",52
11,"[2, 1]",79.74999999999761,"[10, 17]","[2.6999999999999984, 0]","[2.6999999999999984, 0]",52
12,"[0, 1]",74.5999999999979,"[4, 9]","[2.1500000000000004, 0]","[2.1500000000000004, 0]",52
13,"[2, 1]",84.69999999999733,"[11, 20]","[0, 0]","[0, 0]",52
14,"[0, 1]",74.5999999999979,"[12, 12]","[0, 0]","[0, 0]",52
15,"[0, 1]",75.39999999999786,"[14, 14]","[0, 0]","[0, 0]",52
16,"[0, 1]",81.29999999999752,"[15, 10]","[2.3499999999999996, 0]","[2.3499999999999996, 0]",52
17,"[0, 1]",81.59999999999751,"[16, 16]","[0, 0]","[0, 0]",52
18,"[2, 1]",90.19999999999702,"[13, 21]","[32.05000000000032, 0]","[0, 0]",52
19,"[2, 3]",119.24999999999535,"[18, -999]","[34.900000000000155, 0]","[0, 0]",52
20,"[0, 1]",87.49999999999717,"[17, 11]","[2.4499999999999993, 0]","[2.4499999999999993, 0]",52
21,"[0, 1]",92.54999999999688,"[20, 13]","[2.5999999999999988, 0]","[2.5999999999999988, 0]",52
22,"[0, 1]",98.74999999999652,"[21, 18]","[2.549999999999999, 0]","[2.549999999999999, 0]",52
23,"[0, 1]",98.14999999999657,"[22, 22]","[0, 0]","[0, 0]",52
24,"[0, 1]",103.09999999999629,"[23, 25]","[2.3999999999999995, 0]","[2.3999999999999995, 0]",52
25,"[2, 1]",96.19999999999668,"[19, 23]","[32.600000000000286, 0]","[0, 0]",52
26,"[0, 1]",109.19999999999594,"[24, 29]","[2.849999999999998, 0]","[2.849999999999998, 0]",52
27,"[0, 1]",114.84999999999562,"[26, 32]","[2.000000000000001, 0]","[2.000000000000001, 0]",52
28,"[0, 1]",114.24999999999564,"[27, 27]","[0, 0]","[0, 0]",52
29,"[2, 1]",102.09999999999634,"[25, 24]","[30.950000000000305, 0]","[0, 0]",52
30,"[0, 3]",147.9499999999994,"[28, 35]","[0, 0]","[0, 0]",52
31,"[0, 1]",118.8999999999954,"[30, 43]","[0.8500000000000002, 0]","[0, 0]",52
32,"[2, 1]",107.59999999999604,"[29, 26]","[29.350000000000282, 0]","[0, 0]",52
33,"[2, 3]",138.54999999999723,"[32, 19]","[27.90000000000026, 0]","[0, 0]",52
34,"[0, 1]",119.74999999999534,"[31, 31]","[1.3500000000000005, 0]","[0, 0]",52
35,"[2, 3]",141.3999999999979,"[33, 33]","[27.300000000000253, 0]","[0, 0]",52
36,"[0, 1]",120.74999999999528,"[34, 34]","[1.5000000000000007, 0]","[0, 0]",52
37,"[0, 1]",126.69999999999494,"[36, 45]","[4.099999999999993, 0]","[2.499999999999999, 0]",52
38,"[0, 1]",132.0999999999958,"[37, 48]","[4.3499999999999925, 0]","[2.6499999999999986, 0]",52
39,"[0, 1]",132.24999999999582,"[38, 38]","[1.7500000000000009, 0]","[0, 0]",52
40,"[0, 1]",138.04999999999714,"[39, 49]","[4.3499999999999925, 0]","[2.549999999999999, 0]",52
41,"[0, 1]",144.09999999999852,"[40, 50]","[4.449999999999992, 0]","[2.6999999999999984, 0]",52
42,"[0, 3]",172.50000000000497,"[41, -999]","[1.7500000000000009, 0]","[0, 0]",52
43,"[2, 1]",112.14999999999576,"[35, 28]","[27.10000000000025, 0]","[0, 0]",52
44,"[0, 1]",143.74999999999844,"[42, 51]","[1.7000000000000008, 0]","[0, 0]",52
45,"[2, 1]",131.04999999999555,"[43, 36]","[35.70000000000011, 0]","[9.700000000000003, 0]",52
46,"[0, 1]",149.2999999999997,"[44, 58]","[4.199999999999993, 0]","[2.549999999999999, 0]",52
47,"[0, 1]",155.5000000000011,"[46, 69]","[4.449999999999992, 0]","[2.8999999999999977, 0]",52
48,"[2, 1]",135.94999999999666,"[45, 37]","[24.700000000000216, 0]","[0, 0]",52
49,"[2, 1]",147.1499999999992,"[48, 39]","[27.500000000000256, 0]","[2.6999999999999984, 0]",52
50,"[2, 1]",152.0000000000003,"[49, 40]","[25.250000000000224, 0]","[0, 0]",52
51,"[2, 1]",157.15000000000148,"[50, 41]","[25.10000000000022, 0]","[0, 0]",52
52,"[0, 1]",154.90000000000097,"[47, 47]","[1.4500000000000006, 0]","[0, 0]",52
53,"[0, 1]",161.6500000000025,"[52, 78]","[4.249999999999993, 0]","[2.849999999999998, 0]",52
54,"[0, 1]",166.8500000000037,"[53, 79]","[3.649999999999995, 0]","[2.1000000000000005, 0]",52
55,"[0, 3]",195.25000000001012,"[54, 76]","[2.25, 0]","[0, 0]",52
56,"[0, 1]",168.05000000000396,"[55, 54]","[2.499999999999999, 0]","[0, 0]",52
57,"[0, 1]",169.1500000000042,"[56, 56]","[2.6499999999999986, 0]","[0, 0]",52
58,"[2, 1]",163.25000000000287,"[51, 44]","[24.750000000000217, 0]","[0, 0]",52
59,"[0, 1]",170.25000000000446,"[57, 57]","[2.5999999999999988, 0]","[0, 0]",52
60,"[0, 1]",171.2500000000047,"[59, 59]","[2.4499999999999993, 0]","[0, 0]",52
61,"[0, 1]",172.2000000000049,"[60, 60]","[2.7499999999999982, 0]","[0, 0]",52
62,"[0, 1]",172.85000000000505,"[61, 61]","[3.2499999999999964, 0]","[0, 0]",52
63,"[0, 3]",202.75000000001185,"[62, 55]","[3.349999999999996, 0]","[0, 0]",52
64,"[0, 1]",162.35000000000267,"[63, 62]","[0, 0]","[0, 0]",52
65,"[0, 3]",192.30000000000948,"[64, 63]","[0, 0]","[0, 0]",52
66,"[0, 1]",164.50000000000315,"[65, 64]","[0, 0]","[0, 0]",52
67,"[0, 1]",165.1000000000033,"[66, 66]","[0.5499999999999999, 0]","[0, 0]",52
68,"[0, 1]",163.65000000000296,"[67, 67]","[1.1500000000000004, 0]","[0, 0]",52
69,"[2, 1]",168.75000000000412,"[58, 46]","[27.75000000000026, 0]","[0, 0]",52
70,"[0, 1]",163.55000000000294,"[68, 68]","[2.3, 0]","[0, 0]",52
71,"[0, 1]",163.95000000000303,"[70, 70]","[3.2499999999999964, 0]","[0, 0]",52
72,"[0, 1]",163.95000000000303,"[71, 71]","[4.249999999999993, 0]","[0, 0]",52
73,"[0, 1]",157.2500000000015,"[72, 72]","[4.6499999999999915, 0]","[0, 0]",52
74,"[0, 1]",151.25000000000014,"[73, 73]","[3.399999999999996, 0]","[0, 0]",52
75,"[0, 1]",145.44999999999882,"[74, 74]","[2.4499999999999993, 0]","[0, 0]",52
76,"[2, 3]",198.6000000000109,"[69, 42]","[28.150000000000265, 0]","[0, 0]",52
77,"[0, 1]",144.99999999999872,"[75, 75]","[2.9499999999999975, 0]","[0, 0]",52
78,"[2, 1]",174.20000000000536,"[76, 52]","[29.400000000000283, 0]","[0, 0]",52
79,"[2, 1]",180.75000000000685,"[78, 53]","[30.5500000000003, 0]","[0, 0]",52
0,"[2, 1]",36.40000000000007,"[-999, -999]","[0, 0]","[0, 0]",53
1,"[0, 1]",76.4499999999978,"[-999, 8]","[0, 0]","[2.4499999999999993, 0]",53
2,"[2, 1]",38.09999999999997,"[0, 0]","[0, 0]","[0, 0]",53
3,"[2, 1]",39.89999999999987,"[2, 2]","[0, 0]","[0, 0]",53
4,"[2, 1]",41.79999999999976,"[3, 3]","[0, 0]","[0, 0]",53
5,"[2, 1]",43.54999999999966,"[4, 4]","[0, 0]","[0, 0]",53
6,"[2, 1]",45.04999999999958,"[5, 5]","[0, 0]","[0, 0]",53
7,"[2, 1]",46.349999999999504,"[6, 6]","[0, 0]","[0, 0]",53
8,"[2, 1]",47.399999999999444,"[7, 7]","[0, 0]","[0, 0]",53
9,"[2, 1]",53.29999999999911,"[8, 1]","[3.4499999999999957, 0]","[3.4499999999999957, 0]",53
10,"[2, 1]",78.79999999999767,"[9, 18]","[22.75000000000019, 0]","[19.30000000000014, 0]",53
11,"[2, 1]",78.69999999999767,"[10, 10]","[31.40000000000031, 0]","[1.5000000000000007, 0]",53
12,"[0, 3]",97.09999999999663,"[1, -999]","[0, 0]","[0, 0]",53
13,"[2, 1]",97.09999999999663,"[11, 24]","[41.399999999999785, 0]","[9.700000000000003, 0]",53
14,"[0, 1]",70.44999999999814,"[12, 9]","[0, 0]","[0, 0]",53
15,"[0, 1]",71.39999999999809,"[14, 14]","[0, 0]","[0, 0]",53
16,"[0, 1]",72.09999999999805,"[15, 15]","[0, 0]","[0, 0]",53
17,"[0, 1]",72.59999999999802,"[16, 16]","[0, 0]","[0, 0]",53
18,"[0, 1]",72.949999999998,"[17, 17]","[0, 0]","[0, 0]",53
19,"[0, 3]",104.19999999999622,"[18, 12]","[0, 0]","[0, 0]",53
20,"[0, 1]",81.39999999999752,"[19, 11]","[3.049999999999997, 0]","[3.049999999999997, 0]",53
21,"[0, 1]",81.54999999999751,"[20, 20]","[0, 0]","[0, 0]",53
22,"[2, 1]",101.94999999999635,"[13, 25]","[34.1000000000002, 0]","[0, 0]",53
23,"[2, 1]",106.99999999999606,"[22, 26]","[31.750000000000316, 0]","[0, 0]",53
24,"[0, 1]",82.49999999999746,"[21, 21]","[0, 0]","[0, 0]",53
25,"[0, 1]",88.44999999999712,"[24, 13]","[2.4499999999999993, 0]","[2.4499999999999993, 0]",53
26,"[0, 1]",94.54999999999677,"[25, 22]","[2.6999999999999984, 0]","[2.6999999999999984, 0]",53
27,"[2, 1]",112.59999999999575,"[23, 28]","[30.00000000000029, 0]","[0, 0]",53
28,"[0, 1]",99.64999999999648,"[26, 23]","[2.3, 0]","[2.3, 0]",53
29,"[0, 1]",104.79999999999619,"[28, 27]","[2.3499999999999996, 0]","[2.3499999999999996, 0]",53
30,"[2, 1]",118.04999999999544,"[27, 29]","[28.55000000000027, 0]","[0, 0]",53
31,"[0, 1]",109.7999999999959,"[29, 30]","[2.549999999999999, 0]","[2.549999999999999, 0]",53
32,"[0, 1]",114.84999999999562,"[31, 33]","[2.3999999999999995, 0]","[2.3999999999999995, 0]",53
33,"[2, 1]",123.49999999999513,"[30, 31]","[27.10000000000025, 0]","[0, 0]",53
34,"[0, 1]",119.84999999999533,"[32, 35]","[2.5999999999999988, 0]","[2.5999999999999988, 0]",53
35,"[2, 1]",128.94999999999507,"[33, 32]","[25.70000000000023, 0]","[0, 0]",53
36,"[0, 1]",124.89999999999505,"[34, 39]","[2.3999999999999995, 0]","[2.3999999999999995, 0]",53
37,"[0, 1]",124.29999999999508,"[36, 36]","[0, 0]","[0, 0]",53
38,"[0, 1]",130.94999999999553,"[37, 45]","[2.549999999999999, 0]","[2.549999999999999, 0]",53
39,"[2, 1]",134.2999999999963,"[35, 34]","[26.45000000000024, 0]","[0, 0]",53
40,"[0, 3]",159.450000000002,"[38, 42]","[0, 0]","[0, 0]",53
41,"[0, 1]",131.34999999999562,"[40, 47]","[0, 0]","[0, 0]",53
42,"[2, 3]",165.1500000000033,"[39, -999]","[26.45000000000024, 0]","[0, 0]",53
43,"[0, 1]",132.44999999999587,"[41, 41]","[0, 0]","[0, 0]",53
44,"[0, 1]",137.8999999999971,"[43, 62]","[2.3999999999999995, 0]","[2.3999999999999995, 0]",53
45,"[2, 1]",140.19999999999763,"[42, 37]","[26.900000000000247, 0]","[0, 0]",53
46,"[0, 1]",144.19999999999854,"[44, 65]","[2.7499999999999982, 0]","[2.7499999999999982, 0]",53
47,"[2, 1]",146.89999999999915,"[45, 38]","[26.800000000000246, 0]","[0, 0]",53
48,"[0, 1]",149.2999999999997,"[46, 69]","[2.499999999999999, 0]","[2.499999999999999, 0]",53
49,"[0, 3]",180.80000000000686,"[48, 76]","[2.2, 0]","[2.2, 0]",53
50,"[0, 1]",151.9500000000003,"[49, 48]","[0, 0]","[0, 0]",53
51,"[0, 1]",153.10000000000056,"[50, 50]","[0, 0]","[0, 0]",53
52,"[0, 1]",154.25000000000082,"[51, 51]","[0, 0]","[0, 0]",53
53,"[0, 1]",155.25000000000105,"[52, 52]","[1.7000000000000008, 0]","[0, 0]",53
54,"[0, 1]",156.3000000000013,"[53, 53]","[3.049999999999997, 0]","[0, 0]",53
55,"[0, 1]",157.40000000000154,"[54, 54]","[4.749999999999991, 0]","[0, 0]",53
56,"[2, 3]",178.90000000000643,"[47, 40]","[25.80000000000023, 0]","[0, 0]",53
57,"[0, 1]",158.40000000000177,"[55, 55]","[6.149999999999986, 0]","[0, 0]",53
58,"[0, 3]",189.40000000000882,"[57, 49]","[7.199999999999982, 0]","[0, 0]",53
59,"[0, 1]",162.20000000000263,"[58, 57]","[8.04999999999998, 0]","[0, 0]",53
60,"[0, 1]",163.3500000000029,"[59, 59]","[8.899999999999991, 0]","[0, 0]",53
61,"[0, 1]",164.40000000000313,"[60, 60]","[9.650000000000002, 0]","[0, 0]",53
62,"[2, 1]",154.95000000000098,"[56, 43]","[24.550000000000214, 0]","[0, 0]",53
63,"[0, 1]",165.45000000000337,"[61, 61]","[11.000000000000021, 0]","[0, 0]",53
64,"[0, 1]",166.35000000000358,"[63, 63]","[12.30000000000004, 0]","[0, 0]",53
65,"[2, 1]",160.55000000000226,"[62, 44]","[23.250000000000195, 0]","[0, 0]",53
66,"[0, 3]",196.70000000001048,"[64, 58]","[13.250000000000053, 0]","[0, 0]",53
67,"[0, 1]",165.70000000000343,"[66, 64]","[13.850000000000062, 0]","[0, 0]",53
68,"[0, 1]",161.80000000000254,"[67, 67]","[14.45000000000007, 0]","[0, 0]",53
69,"[2, 1]",165.6000000000034,"[65, 46]","[23.800000000000203, 0]","[0, 0]",53
70,"[0, 3]",188.10000000000852,"[68, 66]","[14.850000000000076, 0]","[0, 0]",53
71,"[0, 1]",148.8999999999996,"[70, 68]","[13.150000000000052, 0]","[0, 0]",53
72,"[0, 1]",149.14999999999966,"[71, 71]","[12.950000000000049, 0]","[0, 0]",53
73,"[0, 1]",149.49999999999974,"[72, 72]","[11.950000000000035, 0]","[0, 0]",53
74,"[0, 1]",140.9499999999978,"[73, 73]","[8.04999999999998, 0]","[0, 0]",53
75,"[0, 1]",141.64999999999796,"[74, 74]","[7.699999999999981, 0]","[0, 0]",53
76,"[2, 3]",196.50000000001043,"[69, 56]","[23.850000000000204, 0]","[0, 0]",53
77,"[0, 1]",142.59999999999818,"[75, 75]","[7.199999999999982, 0]","[0, 0]",53
78,"[0, 1]",143.1999999999983,"[77, 77]","[6.199999999999986, 0]","[0, 0]",53
79,"[0, 1]",135.1999999999965,"[78, 78]","[3.049999999999997, 0]","[0, 0]",53
0,"[2, 1]",36.40000000000007,"[-999, -999]","[0, 0]","[0, 0]",54
1,"[2, 1]",38.09999999999997,"[0, 0]","[0, 0]","[0, 0]",54
2,"[2, 1]",39.89999999999987,"[1, 1]","[0, 0]","[0, 0]",54
3,"[2, 1]",41.79999999999976,"[2, 2]","[0, 0]","[0, 0]",54
4,"[2, 1]",43.54999999999966,"[3, 3]","[0, 0]","[0, 0]",54
5,"[2, 1]",45.04999999999958,"[4, 4]","[0, 0]","[0, 0]",54
6,"[2, 1]",46.349999999999504,"[5, 5]","[0, 0]","[0, 0]",54
7,"[2, 1]",47.34999999999945,"[6, 6]","[0, 0]","[0, 0]",54
8,"[2, 1]",48.449999999999385,"[7, 7]","[0, 0]","[0, 0]",54
9,"[2, 1]",56.549999999998924,"[8, 14]","[2.6999999999999984, 0]","[2.6999999999999984, 0]",54
10,"[2, 1]",61.449999999998646,"[9, 15]","[0, 0]","[0, 0]",54
11,"[2, 1]",66.99999999999834,"[10, 16]","[0, 0]","[0, 0]",54
12,"[2, 3]",96.39999999999667,"[11, -999]","[11.000000000000021, 0]","[0, 0]",54
13,"[2, 1]",73.44999999999797,"[12, 19]","[19.95000000000015, 0]","[0, 0]",54
14,"[0, 1]",67.6499999999983,"[-999, 8]","[0, 0]","[0, 0]",54
15,"[0, 1]",74.19999999999793,"[14, 9]","[0, 0]","[0, 0]",54
16,"[0, 1]",79.8499999999976,"[15, 10]","[2.5999999999999988, 0]","[2.5999999999999988, 0]",54
17,"[0, 1]",85.04999999999731,"[16, 11]","[2.6999999999999984, 0]","[2.6999999999999984, 0]",54
18,"[2, 1]",89.89999999999704,"[13, 24]","[24.150000000000208, 0]","[6.549999999999985, 0]",54
19,"[0, 1]",85.3499999999973,"[17, 17]","[0, 0]","[0, 0]",54
20,"[0, 1]",90.649999999997,"[19, 13]","[2.549999999999999, 0]","[2.549999999999999, 0]",54
21,"[0, 1]",91.14999999999696,"[20, 20]","[0, 0]","[0, 0]",54
22,"[2, 1]",94.79999999999676,"[18, 26]","[15.85000000000009, 0]","[0, 0]",54
23,"[2, 3]",124.44999999999507,"[22, 12]","[14.350000000000069, 0]","[0, 0]",54
24,"[0, 1]",92.04999999999691,"[21, 21]","[0, 0]","[0, 0]",54
25,"[2, 1]",96.69999999999665,"[23, 28]","[12.850000000000048, 0]","[0, 0]",54
26,"[0, 1]",98.14999999999657,"[24, 18]","[2.549999999999999, 0]","[2.549999999999999, 0]",54
27,"[2, 1]",115.69999999999557,"[25, 34]","[21.100000000000165, 0]","[9.750000000000004, 0]",54
28,"[0, 1]",103.04999999999629,"[26, 22]","[2.549999999999999, 0]","[2.549999999999999, 0]",54
29,"[0, 3]",134.64999999999637,"[28, 23]","[0, 0]","[0, 0]",54
30,"[2, 1]",120.69999999999528,"[27, 35]","[9.900000000000006, 0]","[0, 0]",54
31,"[0, 1]",106.79999999999607,"[29, 25]","[0, 0]","[0, 0]",54
32,"[0, 1]",107.24999999999605,"[31, 31]","[0, 0]","[0, 0]",54
33,"[2, 1]",125.749999999995,"[30, 36]","[8.449999999999985, 0]","[0, 0]",54
34,"[0, 1]",108.24999999999599,"[32, 32]","[0, 0]","[0, 0]",54
35,"[0, 1]",114.44999999999564,"[34, 27]","[2.499999999999999, 0]","[2.499999999999999, 0]",54
36,"[0, 1]",120.3499999999953,"[35, 30]","[2.8999999999999977, 0]","[2.8999999999999977, 0]",54
37,"[0, 1]",125.49999999999501,"[36, 33]","[2.3999999999999995, 0]","[2.3999999999999995, 0]",54
38,"[2, 1]",131.2499999999956,"[33, 37]","[8.14999999999998, 0]","[0, 0]",54
39,"[2, 1]",136.69999999999683,"[38, 40]","[8.14999999999998, 0]","[0, 0]",54
40,"[0, 1]",130.54999999999544,"[37, 38]","[2.25, 0]","[2.25, 0]",54
41,"[2, 1]",142.19999999999808,"[39, 42]","[8.899999999999991, 0]","[0, 0]",54
42,"[0, 1]",135.59999999999658,"[40, 39]","[2.549999999999999, 0]","[2.549999999999999, 0]",54
43,"[2, 1]",147.64999999999932,"[41, 44]","[9.199999999999996, 0]","[0, 0]",54
44,"[0, 1]",140.69999999999774,"[42, 41]","[2.499999999999999, 0]","[2.499999999999999, 0]",54
45,"[0, 3]",169.0500000000042,"[44, -999]","[0, 0]","[0, 0]",54
46,"[0, 1]",140.9499999999978,"[45, 43]","[0, 0]","[0, 0]",54
47,"[0, 1]",141.99999999999804,"[46, 46]","[0.65, 0]","[0, 0]",54
48,"[2, 3]",179.80000000000663,"[43, 45]","[21.000000000000163, 0]","[0, 0]",54
49,"[2, 3]",182.3000000000072,"[48, 48]","[21.55000000000017, 0]","[0, 0]",54
50,"[2, 1]",157.15000000000148,"[49, 51]","[22.500000000000185, 0]","[0, 0]",54
51,"[0, 1]",143.1499999999983,"[47, 47]","[2.25, 0]","[0, 0]",54
52,"[0, 1]",148.59999999999954,"[51, 50]","[5.299999999999989, 0]","[2.499999999999999, 0]",54
53,"[0, 1]",149.04999999999964,"[52, 52]","[3.049999999999997, 0]","[0, 0]",54
54,"[2, 3]",187.25000000000833,"[50, 49]","[25.75000000000023, 0]","[0, 0]",54
55,"[2, 1]",163.65000000000296,"[54, 53]","[28.60000000000027, 0]","[0, 0]",54
56,"[0, 1]",154.35000000000085,"[53, 55]","[5.549999999999988, 0]","[2.4499999999999993, 0]",54
57,"[0, 1]",154.95000000000098,"[56, 56]","[3.1999999999999966, 0]","[0, 0]",54
58,"[0, 1]",160.8000000000023,"[57, 62]","[5.399999999999989, 0]","[2.549999999999999, 0]",54
59,"[0, 1]",161.1500000000024,"[58, 58]","[3.149999999999997, 0]","[0, 0]",54
60,"[0, 1]",166.5000000000036,"[59, 66]","[7.049999999999983, 0]","[2.549999999999999, 0]",54
61,"[0, 1]",172.95000000000508,"[60, 70]","[7.94999999999998, 0]","[2.3499999999999996, 0]",54
62,"[2, 1]",175.15000000000558,"[55, 57]","[33.300000000000246, 0]","[3.149999999999997, 0]",54
63,"[0, 1]",172.30000000000493,"[61, 61]","[5.599999999999988, 0]","[0, 0]",54
64,"[0, 1]",172.95000000000508,"[63, 63]","[5.4999999999999885, 0]","[0, 0]",54
65,"[2, 3]",204.15000000001217,"[62, 54]","[32.05000000000032, 0]","[0, 0]",54
66,"[2, 1]",181.15000000000694,"[65, 59]","[32.250000000000306, 0]","[0, 0]",54
67,"[0, 1]",173.80000000000527,"[64, 64]","[5.699999999999988, 0]","[0, 0]",54
68,"[0, 1]",171.15000000000467,"[67, 67]","[5.849999999999987, 0]","[0, 0]",54
69,"[0, 1]",171.15000000000467,"[68, 68]","[6.249999999999986, 0]","[0, 0]",54
70,"[2, 1]",186.7500000000082,"[66, 60]","[37.84999999999999, 0]","[0, 0]",54
71,"[0, 1]",171.85000000000483,"[69, 69]","[6.749999999999984, 0]","[0, 0]",54
72,"[0, 1]",172.05000000000487,"[71, 71]","[7.049999999999983, 0]","[0, 0]",54
73,"[0, 1]",171.2500000000047,"[72, 72]","[7.199999999999982, 0]","[0, 0]",54
74,"[0, 1]",171.3500000000047,"[73, 73]","[8.199999999999982, 0]","[0, 0]",54
75,"[0, 1]",171.3000000000047,"[74, 74]","[8.699999999999989, 0]","[0, 0]",54
76,"[2, 3]",216.85000000001506,"[70, 65]","[37.79999999999999, 0]","[0, 0]",54
77,"[0, 1]",164.2000000000031,"[75, 75]","[7.4499999999999815, 0]","[0, 0]",54
78,"[0, 1]",162.9000000000028,"[77, 77]","[7.499999999999981, 0]","[0, 0]",54
79,"[0, 1]",148.54999999999953,"[78, 78]","[1.1000000000000003, 0]","[0, 0]",54
0,"[2, 1]",36.40000000000007,"[-999, -999]","[0, 0]","[0, 0]",55
1,"[2, 3]",68.49999999999825,"[0, -999]","[0, 0]","[0, 0]",55
2,"[2, 1]",37.30000000000002,"[1, 0]","[0, 0]","[0, 0]",55
3,"[2, 1]",39.04999999999992,"[2, 2]","[0, 0]","[0, 0]",55
4,"[2, 3]",70.99999999999811,"[3, 1]","[0, 0]","[0, 0]",55
5,"[2, 1]",38.89999999999993,"[4, 3]","[0, 0]","[0, 0]",55
6,"[2, 1]",41.249999999999794,"[5, 5]","[0, 0]","[0, 0]",55
7,"[2, 1]",42.799999999999706,"[6, 6]","[0, 0]","[0, 0]",55
8,"[2, 1]",44.199999999999626,"[7, 7]","[0, 0]","[0, 0]",55
9,"[2, 1]",45.649999999999544,"[8, 8]","[0, 0]","[0, 0]",55
10,"[2, 1]",46.849999999999476,"[9, 9]","[0, 0]","[0, 0]",55
11,"[2, 1]",47.749999999999424,"[10, 10]","[0, 0]","[0, 0]",55
12,"[2, 1]",64.1499999999985,"[11, 17]","[9.700000000000003, 0]","[9.700000000000003, 0]",55
13,"[2, 1]",64.2499999999985,"[12, 12]","[13.75000000000006, 0]","[2.3499999999999996, 0]",55
14,"[2, 1]",82.34999999999746,"[13, 23]","[26.000000000000234, 0]","[9.850000000000005, 0]",55
15,"[0, 1]",77.09999999999776,"[-999, 11]","[0, 0]","[2.000000000000001, 0]",55
16,"[0, 1]",77.24999999999775,"[15, 15]","[0, 0]","[0, 0]",55
17,"[0, 1]",78.04999999999771,"[16, 16]","[0, 0]","[0, 0]",55
18,"[2, 3]",111.5499999999958,"[14, 19]","[34.95000000000015, 0]","[0.15000000000000002, 0]",55
19,"[0, 3]",108.89999999999596,"[17, -999]","[0, 0]","[0, 0]",55
20,"[2, 1]",88.14999999999714,"[18, 26]","[35.050000000000146, 0]","[0, 0]",55
21,"[0, 1]",86.44999999999723,"[19, 13]","[3.149999999999997, 0]","[3.149999999999997, 0]",55
22,"[0, 1]",86.64999999999722,"[21, 21]","[0, 0]","[0, 0]",55
23,"[0, 1]",87.49999999999717,"[22, 22]","[0, 0]","[0, 0]",55
24,"[0, 1]",94.0499999999968,"[23, 14]","[2.4499999999999993, 0]","[2.4499999999999993, 0]",55
25,"[2, 1]",99.64999999999648,"[20, 31]","[35.40000000000013, 0]","[2.6999999999999984, 0]",55
26,"[0, 1]",93.9999999999968,"[24, 24]","[0, 0]","[0, 0]",55
27,"[2, 1]",104.44999999999621,"[25, 33]","[31.000000000000306, 0]","[0, 0]",55
28,"[0, 1]",99.14999999999651,"[26, 20]","[2.499999999999999, 0]","[2.499999999999999, 0]",55
29,"[2, 1]",115.79999999999556,"[27, 37]","[32.05000000000032, 0]","[2.549999999999999, 0]",55
30,"[2, 1]",115.44999999999558,"[29, 29]","[28.000000000000263, 0]","[0, 0]",55
31,"[0, 1]",99.64999999999648,"[28, 28]","[0, 0]","[0, 0]",55
32,"[2, 1]",133.79999999999617,"[30, 41]","[36.35000000000007, 0]","[9.800000000000004, 0]",55
33,"[0, 1]",105.49999999999615,"[31, 25]","[2.499999999999999, 0]","[2.499999999999999, 0]",55
34,"[2, 1]",138.64999999999728,"[32, 44]","[25.150000000000222, 0]","[0, 0]",55
35,"[2, 1]",146.199999999999,"[34, 46]","[25.450000000000227, 0]","[1.800000000000001, 0]",55
36,"[0, 1]",111.04999999999583,"[33, 27]","[2.6999999999999984, 0]","[2.6999999999999984, 0]",55
37,"[0, 1]",111.09999999999583,"[36, 36]","[0, 0]","[0, 0]",55
38,"[0, 3]",141.799999999998,"[37, 18]","[0, 0]","[0, 0]",55
39,"[0, 1]",118.89999999999539,"[38, 30]","[2.9499999999999975, 0]","[2.9499999999999975, 0]",55
40,"[0, 1]",119.24999999999537,"[39, 39]","[0.8500000000000002, 0]","[0, 0]",55
41,"[0, 1]",120.14999999999532,"[40, 40]","[1.3000000000000005, 0]","[0, 0]",55
42,"[2, 3]",175.2000000000056,"[35, 45]","[23.300000000000196, 0]","[0, 0]",55
43,"[2, 1]",152.0000000000003,"[42, 50]","[23.750000000000203, 0]","[0, 0]",55
44,"[0, 1]",125.99999999999498,"[41, 32]","[4.099999999999993, 0]","[2.3999999999999995, 0]",55
45,"[0, 3]",155.9500000000012,"[44, 38]","[2.0500000000000007, 0]","[0, 0]",55
46,"[0, 1]",127.69999999999489,"[45, 34]","[2.3999999999999995, 0]","[0, 0]",55
47,"[2, 1]",163.4000000000029,"[43, 52]","[27.350000000000254, 0]","[2.7499999999999982, 0]",55
48,"[0, 1]",133.69999999999615,"[46, 35]","[5.349999999999989, 0]","[2.6499999999999986, 0]",55
49,"[2, 3]",192.3500000000095,"[47, 42]","[25.950000000000234, 0]","[0, 0]",55
50,"[0, 1]",133.9499999999962,"[48, 48]","[2.9999999999999973, 0]","[0, 0]",55
51,"[0, 1]",139.29999999999742,"[50, 43]","[5.799999999999987, 0]","[2.499999999999999, 0]",55
52,"[0, 1]",139.79999999999754,"[51, 51]","[3.5499999999999954, 0]","[0, 0]",55
53,"[0, 1]",145.64999999999887,"[52, 47]","[6.299999999999986, 0]","[2.549999999999999, 0]",55
54,"[0, 3]",177.15000000000603,"[53, 49]","[3.899999999999994, 0]","[0, 0]",55
55,"[2, 3]",200.95000000001144,"[49, 54]","[31.000000000000306, 0]","[0, 0]",55
56,"[0, 1]",148.09999999999943,"[54, 53]","[4.099999999999993, 0]","[0, 0]",55
57,"[0, 1]",149.19999999999968,"[56, 56]","[4.6499999999999915, 0]","[0, 0]",55
58,"[0, 1]",150.29999999999993,"[57, 57]","[5.299999999999989, 0]","[0, 0]",55
59,"[0, 1]",156.45000000000132,"[58, 66]","[8.299999999999983, 0]","[2.5999999999999988, 0]",55
60,"[0, 1]",156.70000000000138,"[59, 59]","[6.749999999999984, 0]","[0, 0]",55
61,"[0, 1]",162.5000000000027,"[60, 67]","[10.050000000000008, 0]","[2.549999999999999, 0]",55
62,"[2, 3]",202.75000000001185,"[55, 55]","[39.299999999999905, 0]","[0, 0]",55
63,"[0, 1]",162.75000000000276,"[61, 61]","[7.499999999999981, 0]","[0, 0]",55
64,"[0, 1]",163.65000000000296,"[63, 63]","[7.199999999999982, 0]","[0, 0]",55
65,"[0, 3]",194.50000000000998,"[64, 62]","[7.399999999999982, 0]","[0, 0]",55
66,"[2, 1]",179.00000000000645,"[62, 58]","[43.09999999999969, 0]","[0, 0]",55
67,"[2, 1]",190.200000000009,"[66, 60]","[46.89999999999947, 0]","[2.9499999999999975, 0]",55
68,"[0, 1]",167.00000000000372,"[65, 64]","[7.94999999999998, 0]","[0, 0]",55
69,"[0, 1]",164.45000000000314,"[68, 68]","[9.349999999999998, 0]","[0, 0]",55
70,"[0, 1]",164.35000000000312,"[69, 69]","[9.149999999999995, 0]","[0, 0]",55
71,"[0, 1]",155.5000000000011,"[70, 70]","[6.149999999999986, 0]","[0, 0]",55
72,"[0, 1]",153.6500000000007,"[71, 71]","[6.699999999999984, 0]","[0, 0]",55
73,"[0, 1]",153.80000000000072,"[72, 72]","[7.89999999999998, 0]","[0, 0]",55
74,"[0, 1]",154.5500000000009,"[73, 73]","[8.899999999999991, 0]","[0, 0]",55
75,"[0, 1]",150.95000000000007,"[74, 74]","[10.20000000000001, 0]","[0, 0]",55
76,"[0, 1]",150.24999999999991,"[75, 75]","[10.90000000000002, 0]","[0, 0]",55
77,"[0, 1]",150.70000000000002,"[76, 76]","[10.500000000000014, 0]","[0, 0]",55
78,"[0, 1]",144.39999999999858,"[77, 77]","[9.5, 0]","[0, 0]",55
79,"[0, 1]",144.8999999999987,"[78, 78]","[9.750000000000004, 0]","[0, 0]",55
0,"[2, 1]",36.40000000000007,"[-999, -999]","[0, 0]","[0, 0]",56
1,"[2, 1]",38.09999999999997,"[0, 0]","[0, 0]","[0, 0]",56
2,"[2, 1]",39.89999999999987,"[1, 1]","[0, 0]","[0, 0]",56
3,"[2, 1]",41.79999999999976,"[2, 2]","[0, 0]","[0, 0]",56
4,"[2, 1]",43.54999999999966,"[3, 3]","[0, 0]","[0, 0]",56
5,"[2, 1]",45.099999999999575,"[4, 4]","[0, 0]","[0, 0]",56
6,"[2, 1]",46.349999999999504,"[5, 5]","[0, 0]","[0, 0]",56
7,"[2, 1]",47.34999999999945,"[6, 6]","[0, 0]","[0, 0]",56
8,"[2, 1]",48.449999999999385,"[7, 7]","[0, 0]","[0, 0]",56
9,"[2, 1]",69.99999999999817,"[8, 17]","[13.350000000000055, 0]","[13.350000000000055, 0]",56
10,"[2, 1]",74.04999999999794,"[9, 20]","[0, 0]","[0, 0]",56
11,"[2, 1]",79.64999999999762,"[10, 22]","[0, 0]","[0, 0]",56
12,"[0, 1]",68.84999999999823,"[-999, 8]","[0, 0]","[0, 0]",56
13,"[2, 1]",85.1499999999973,"[11, 23]","[28.000000000000263, 0]","[0, 0]",56
14,"[2, 1]",90.649999999997,"[13, 24]","[33.25000000000025, 0]","[0, 0]",56
15,"[0, 1]",70.34999999999815,"[12, 12]","[0, 0]","[0, 0]",56
16,"[0, 1]",71.34999999999809,"[15, 15]","[0, 0]","[0, 0]",56
17,"[0, 1]",72.04999999999805,"[16, 16]","[0, 0]","[0, 0]",56
18,"[2, 1]",96.09999999999668,"[14, 25]","[30.900000000000304, 0]","[0, 0]",56
19,"[2, 1]",101.54999999999637,"[18, 26]","[29.20000000000028, 0]","[0, 0]",56
20,"[0, 1]",78.74999999999767,"[17, 9]","[1.0500000000000003, 0]","[1.0500000000000003, 0]",56
21,"[2, 1]",107.04999999999606,"[19, 28]","[27.70000000000026, 0]","[0, 0]",56
22,"[0, 1]",83.89999999999738,"[20, 10]","[2.1500000000000004, 0]","[2.1500000000000004, 0]",56
23,"[0, 1]",89.04999999999708,"[22, 11]","[2.2, 0]","[2.2, 0]",56
24,"[0, 1]",94.0999999999968,"[23, 13]","[2.4499999999999993, 0]","[2.4499999999999993, 0]",56
25,"[0, 1]",99.1999999999965,"[24, 14]","[2.499999999999999, 0]","[2.499999999999999, 0]",56
26,"[0, 1]",104.24999999999622,"[25, 18]","[2.3499999999999996, 0]","[2.3499999999999996, 0]",56
27,"[2, 1]",112.49999999999575,"[21, 29]","[26.250000000000238, 0]","[0, 0]",56
28,"[0, 1]",109.29999999999593,"[26, 19]","[2.3499999999999996, 0]","[2.3499999999999996, 0]",56
29,"[0, 1]",114.34999999999565,"[28, 21]","[2.3499999999999996, 0]","[2.3499999999999996, 0]",56
30,"[0, 3]",140.64999999999773,"[29, -999]","[0, 0]","[0, 0]",56
31,"[0, 1]",114.39999999999564,"[30, 27]","[0, 0]","[0, 0]",56
32,"[2, 1]",118.94999999999538,"[27, 31]","[24.800000000000217, 0]","[0, 0]",56
33,"[2, 1]",124.24999999999508,"[32, 37]","[23.350000000000197, 0]","[0, 0]",56
34,"[2, 1]",129.24999999999514,"[33, 38]","[21.950000000000177, 0]","[0, 0]",56
35,"[2, 1]",134.69999999999638,"[34, 39]","[20.550000000000157, 0]","[0, 0]",56
36,"[2, 1]",140.0999999999976,"[35, 40]","[19.100000000000136, 0]","[0, 0]",56
37,"[0, 1]",119.64999999999534,"[31, 32]","[2.4499999999999993, 0]","[2.4499999999999993, 0]",56
38,"[0, 1]",125.89999999999499,"[37, 33]","[2.6999999999999984, 0]","[2.6999999999999984, 0]",56
39,"[0, 1]",130.99999999999554,"[38, 34]","[2.3, 0]","[2.3, 0]",56
40,"[0, 1]",135.94999999999666,"[39, 35]","[2.549999999999999, 0]","[2.549999999999999, 0]",56
41,"[2, 1]",145.49999999999883,"[36, 42]","[17.700000000000117, 0]","[0, 0]",56
42,"[0, 1]",140.9499999999978,"[40, 36]","[2.549999999999999, 0]","[2.549999999999999, 0]",56
43,"[0, 1]",146.04999999999896,"[42, 41]","[2.3, 0]","[2.3, 0]",56
44,"[0, 1]",145.44999999999882,"[43, 43]","[0, 0]","[0, 0]",56
45,"[2, 3]",176.35000000000585,"[41, -999]","[16.300000000000097, 0]","[0, 0]",56
46,"[0, 1]",152.10000000000034,"[44, 50]","[2.8999999999999977, 0]","[2.8999999999999977, 0]",56
47,"[0, 1]",151.5000000000002,"[46, 46]","[0, 0]","[0, 0]",56
48,"[0, 1]",156.95000000000144,"[47, 55]","[2.4499999999999993, 0]","[2.4499999999999993, 0]",56
49,"[0, 1]",163.3500000000029,"[48, 58]","[2.000000000000001, 0]","[2.000000000000001, 0]",56
50,"[2, 1]",151.4500000000002,"[45, 44]","[14.900000000000077, 0]","[0, 0]",56
51,"[0, 1]",168.45000000000405,"[49, 66]","[2.3, 0]","[2.3, 0]",56
52,"[0, 1]",173.4500000000052,"[51, 69]","[2.3999999999999995, 0]","[2.3999999999999995, 0]",56
53,"[0, 1]",178.45000000000633,"[52, 76]","[2.6499999999999986, 0]","[2.6499999999999986, 0]",56
54,"[0, 1]",177.8500000000062,"[53, 53]","[0, 0]","[0, 0]",56
55,"[2, 1]",163.75000000000298,"[50, 47]","[17.30000000000011, 0]","[2.3, 0]",56
56,"[0, 1]",178.45000000000633,"[54, 54]","[0, 0]","[0, 0]",56
57,"[0, 1]",179.45000000000655,"[56, 56]","[0, 0]","[0, 0]",56
58,"[2, 1]",168.6500000000041,"[55, 48]","[15.000000000000078, 0]","[0, 0]",56
59,"[0, 1]",180.5500000000068,"[57, 57]","[0, 0]","[0, 0]",56
60,"[0, 1]",181.55000000000703,"[59, 59]","[0, 0]","[0, 0]",56
61,"[0, 1]",182.60000000000727,"[60, 60]","[0.8000000000000002, 0]","[0, 0]",56
62,"[0, 3]",213.5500000000143,"[61, -999]","[1.1500000000000004, 0]","[0, 0]",56
63,"[0, 1]",186.2500000000081,"[62, 61]","[1.4000000000000006, 0]","[0, 0]",56
64,"[0, 1]",186.95000000000826,"[63, 63]","[1.6000000000000008, 0]","[0, 0]",56
65,"[0, 1]",185.90000000000802,"[64, 64]","[1.850000000000001, 0]","[0, 0]",56
66,"[2, 1]",173.9000000000053,"[58, 49]","[14.700000000000074, 0]","[0, 0]",56
67,"[0, 1]",179.6000000000066,"[65, 65]","[2.499999999999999, 0]","[0, 0]",56
68,"[0, 1]",177.9500000000062,"[67, 67]","[3.099999999999997, 0]","[0, 0]",56
69,"[2, 1]",179.40000000000654,"[66, 51]","[14.000000000000064, 0]","[0, 0]",56
70,"[0, 1]",174.60000000000545,"[68, 68]","[3.349999999999996, 0]","[0, 0]",56
71,"[0, 1]",174.8000000000055,"[70, 70]","[2.799999999999998, 0]","[0, 0]",56
72,"[0, 1]",168.75000000000412,"[71, 71]","[1.5000000000000007, 0]","[0, 0]",56
73,"[0, 1]",168.50000000000406,"[72, 72]","[1.6500000000000008, 0]","[0, 0]",56
74,"[0, 1]",164.85000000000323,"[73, 73]","[1.800000000000001, 0]","[0, 0]",56
75,"[0, 1]",160.90000000000234,"[74, 74]","[2.000000000000001, 0]","[0, 0]",56
76,"[2, 1]",184.80000000000777,"[69, 52]","[15.350000000000083, 0]","[0, 0]",56
77,"[0, 1]",157.2000000000015,"[75, 75]","[2.1500000000000004, 0]","[0, 0]",56
78,"[0, 3]",183.6500000000075,"[77, -999]","[2.3999999999999995, 0]","[0, 0]",56
79,"[0, 1]",153.35000000000062,"[78, 77]","[2.3499999999999996, 0]","[0, 0]",56
0,"[2, 1]",36.40000000000007,"[-999, -999]","[0, 0]","[0, 0]",57
1,"[0, 1]",73.64999999999796,"[-999, 8]","[0, 0]","[3.1999999999999966, 0]",57
2,"[2, 1]",38.09999999999997,"[0, 0]","[0, 0]","[0, 0]",57
3,"[2, 1]",39.89999999999987,"[2, 2]","[0, 0]","[0, 0]",57
4,"[2, 3]",69.24999999999821,"[3, -999]","[0, 0]","[0, 0]",57
5,"[2, 1]",37.74999999999999,"[4, 3]","[0, 0]","[0, 0]",57
6,"[2, 1]",39.54999999999989,"[5, 5]","[0, 0]","[0, 0]",57
7,"[2, 1]",41.399999999999785,"[6, 6]","[0, 0]","[0, 0]",57
8,"[2, 1]",43.29999999999968,"[7, 7]","[0, 0]","[0, 0]",57
9,"[2, 1]",50.749999999999254,"[8, 1]","[1.4000000000000006, 0]","[1.4000000000000006, 0]",57
10,"[2, 1]",65.44999999999843,"[9, 15]","[13.400000000000055, 0]","[13.400000000000055, 0]",57
11,"[2, 1]",75.44999999999786,"[10, 17]","[21.35000000000017, 0]","[4.94999999999999, 0]",57
12,"[0, 1]",69.74999999999818,"[1, 9]","[0, 0]","[0, 0]",57
13,"[2, 1]",80.24999999999758,"[11, 18]","[22.90000000000019, 0]","[0, 0]",57
14,"[0, 1]",70.59999999999813,"[12, 12]","[0, 0]","[0, 0]",57
15,"[0, 1]",71.44999999999808,"[14, 14]","[0, 0]","[0, 0]",57
16,"[0, 1]",78.2999999999977,"[15, 10]","[1.6000000000000008, 0]","[1.6000000000000008, 0]",57
17,"[0, 1]",77.64999999999773,"[16, 16]","[0, 0]","[0, 0]",57
18,"[0, 1]",83.09999999999742,"[17, 11]","[2.499999999999999, 0]","[2.499999999999999, 0]",57
19,"[0, 1]",88.44999999999712,"[18, 13]","[2.6499999999999986, 0]","[2.6499999999999986, 0]",57
20,"[2, 1]",85.84999999999727,"[13, 19]","[28.150000000000265, 0]","[0, 0]",57
21,"[2, 1]",91.09999999999697,"[20, 22]","[33.40000000000024, 0]","[0, 0]",57
22,"[0, 1]",94.49999999999677,"[19, 20]","[2.3999999999999995, 0]","[2.3999999999999995, 0]",57
23,"[2, 1]",96.64999999999665,"[21, 24]","[31.000000000000306, 0]","[0, 0]",57
24,"[0, 1]",99.59999999999648,"[22, 21]","[2.25, 0]","[2.25, 0]",57
25,"[2, 1]",102.04999999999634,"[23, 26]","[29.350000000000282, 0]","[0, 0]",57
26,"[0, 1]",104.74999999999619,"[24, 23]","[2.3999999999999995, 0]","[2.3999999999999995, 0]",57
27,"[2, 1]",107.54999999999603,"[25, 28]","[27.75000000000026, 0]","[0, 0]",57
28,"[0, 1]",109.7999999999959,"[26, 25]","[2.499999999999999, 0]","[2.499999999999999, 0]",57
29,"[2, 1]",113.04999999999572,"[27, 30]","[26.30000000000024, 0]","[0, 0]",57
30,"[0, 1]",114.84999999999562,"[28, 27]","[2.549999999999999, 0]","[2.549999999999999, 0]",57
31,"[0, 1]",119.94999999999533,"[30, 29]","[2.3, 0]","[2.3, 0]",57
32,"[0, 1]",119.34999999999536,"[31, 31]","[0, 0]","[0, 0]",57
33,"[0, 1]",125.99999999999498,"[32, 36]","[2.799999999999998, 0]","[2.799999999999998, 0]",57
34,"[2, 3]",143.89999999999847,"[29, -999]","[24.800000000000217, 0]","[0, 0]",57
35,"[0, 1]",125.39999999999502,"[33, 33]","[0, 0]","[0, 0]",57
36,"[2, 1]",118.94999999999538,"[34, 32]","[24.450000000000212, 0]","[0, 0]",57
37,"[0, 1]",130.8499999999955,"[35, 38]","[2.549999999999999, 0]","[2.549999999999999, 0]",57
38,"[2, 1]",131.19999999999558,"[36, 35]","[27.00000000000025, 0]","[2.4499999999999993, 0]",57
39,"[2, 1]",136.1499999999967,"[38, 37]","[24.150000000000208, 0]","[0, 0]",57
40,"[0, 1]",137.14999999999694,"[37, 39]","[2.4499999999999993, 0]","[2.4499999999999993, 0]",57
41,"[0, 1]",142.19999999999808,"[40, 42]","[2.25, 0]","[2.25, 0]",57
42,"[2, 1]",141.29999999999788,"[39, 40]","[23.250000000000195, 0]","[0, 0]",57
43,"[0, 1]",141.54999999999794,"[41, 41]","[0, 0]","[0, 0]",57
44,"[0, 1]",142.09999999999806,"[43, 43]","[0, 0]","[0, 0]",57
45,"[2, 3]",172.40000000000495,"[42, 34]","[22.10000000000018, 0]","[0, 0]",57
46,"[0, 1]",147.9499999999994,"[44, 48]","[2.3999999999999995, 0]","[2.3999999999999995, 0]",57
47,"[0, 1]",154.50000000000088,"[46, 49]","[1.800000000000001, 0]","[1.800000000000001, 0]",57
48,"[2, 1]",153.95000000000076,"[45, 44]","[25.10000000000022, 0]","[2.9499999999999975, 0]",57
49,"[2, 1]",158.90000000000188,"[48, 46]","[21.950000000000177, 0]","[0, 0]",57
50,"[2, 1]",164.3000000000031,"[49, 47]","[21.150000000000166, 0]","[0, 0]",57
51,"[2, 1]",169.80000000000436,"[50, 52]","[20.10000000000015, 0]","[0, 0]",57
52,"[0, 1]",159.60000000000204,"[47, 50]","[2.1500000000000004, 0]","[2.1500000000000004, 0]",57
53,"[2, 3]",200.65000000001137,"[51, 45]","[20.80000000000016, 0]","[0, 0]",57
54,"[2, 3]",203.60000000001205,"[53, 53]","[23.6500000000002, 0]","[0, 0]",57
55,"[0, 1]",164.60000000000318,"[52, 51]","[2.549999999999999, 0]","[2.549999999999999, 0]",57
56,"[0, 1]",164.00000000000304,"[55, 55]","[0, 0]","[0, 0]",57
57,"[0, 1]",164.6500000000032,"[56, 56]","[0, 0]","[0, 0]",57
58,"[2, 1]",178.05000000000624,"[54, 57]","[25.60000000000023, 0]","[0, 0]",57
59,"[0, 1]",170.05000000000442,"[57, 58]","[2.499999999999999, 0]","[2.499999999999999, 0]",57
60,"[0, 1]",176.75000000000594,"[59, 69]","[1.800000000000001, 0]","[1.800000000000001, 0]",57
61,"[0, 1]",176.1500000000058,"[60, 60]","[0, 0]","[0, 0]",57
62,"[0, 1]",176.75000000000594,"[61, 61]","[0, 0]","[0, 0]",57
63,"[0, 1]",177.80000000000618,"[62, 62]","[0, 0]","[0, 0]",57
64,"[0, 1]",178.90000000000643,"[63, 63]","[0.7000000000000001, 0]","[0, 0]",57
65,"[0, 3]",209.80000000001345,"[64, 76]","[0.9500000000000003, 0]","[0, 0]",57
66,"[0, 1]",182.50000000000725,"[65, 64]","[1.1500000000000004, 0]","[0, 0]",57
67,"[0, 1]",183.5500000000075,"[66, 66]","[1.3500000000000005, 0]","[0, 0]",57
68,"[0, 1]",184.0500000000076,"[67, 67]","[1.5000000000000007, 0]","[0, 0]",57
69,"[2, 1]",183.6000000000075,"[58, 59]","[25.75000000000023, 0]","[0, 0]",57
70,"[0, 1]",181.400000000007,"[68, 68]","[1.6500000000000008, 0]","[0, 0]",57
71,"[0, 1]",177.20000000000604,"[70, 70]","[1.850000000000001, 0]","[0, 0]",57
72,"[0, 1]",173.5000000000052,"[71, 71]","[1.950000000000001, 0]","[0, 0]",57
73,"[0, 1]",169.90000000000438,"[72, 72]","[2.549999999999999, 0]","[0, 0]",57
74,"[0, 1]",167.55000000000385,"[73, 73]","[3.2999999999999963, 0]","[0, 0]",57
75,"[0, 1]",160.7000000000023,"[74, 74]","[1.850000000000001, 0]","[0, 0]",57
76,"[2, 3]",214.0000000000144,"[69, 54]","[25.350000000000225, 0]","[0, 0]",57
77,"[0, 1]",160.90000000000234,"[75, 75]","[2.2, 0]","[0, 0]",57
78,"[0, 1]",157.40000000000154,"[77, 77]","[2.499999999999999, 0]","[0, 0]",57
79,"[0, 1]",156.55000000000135,"[78, 78]","[2.7499999999999982, 0]","[0, 0]",57
0,"[2, 1]",36.40000000000007,"[-999, -999]","[0, 0]","[0, 0]",58
1,"[2, 1]",38.09999999999997,"[0, 0]","[0, 0]","[0, 0]",58
2,"[2, 1]",39.89999999999987,"[1, 1]","[0, 0]","[0, 0]",58
3,"[2, 1]",41.79999999999976,"[2, 2]","[0, 0]","[0, 0]",58
4,"[0, 1]",72.39999999999803,"[-999, 8]","[0, 0]","[2.5999999999999988, 0]",58
5,"[2, 1]",43.54999999999966,"[3, 3]","[0, 0]","[0, 0]",58
6,"[2, 1]",45.04999999999958,"[5, 5]","[0, 0]","[0, 0]",58
7,"[2, 1]",46.349999999999504,"[6, 6]","[0, 0]","[0, 0]",58
8,"[2, 1]",47.399999999999444,"[7, 7]","[0, 0]","[0, 0]",58
9,"[2, 1]",54.049999999999066,"[8, 4]","[3.149999999999997, 0]","[3.149999999999997, 0]",58
10,"[2, 1]",69.69999999999818,"[9, 17]","[10.100000000000009, 0]","[10.100000000000009, 0]",58
11,"[2, 1]",74.14999999999793,"[10, 18]","[0, 0]","[0, 0]",58
12,"[2, 1]",80.59999999999756,"[11, 20]","[0, 0]","[0, 0]",58
13,"[2, 1]",85.69999999999727,"[12, 22]","[28.200000000000266, 0]","[0, 0]",58
14,"[2, 1]",90.94999999999698,"[13, 24]","[33.150000000000254, 0]","[0, 0]",58
15,"[0, 1]",70.69999999999813,"[4, 9]","[0, 0]","[0, 0]",58
16,"[0, 1]",71.94999999999806,"[15, 15]","[0, 0]","[0, 0]",58
17,"[0, 1]",72.69999999999801,"[16, 16]","[0, 0]","[0, 0]",58
18,"[0, 1]",79.74999999999761,"[17, 10]","[1.1500000000000004, 0]","[1.1500000000000004, 0]",58
19,"[0, 3]",105.94999999999612,"[18, -999]","[0, 0]","[0, 0]",58
20,"[0, 1]",79.8999999999976,"[19, 11]","[0, 0]","[0, 0]",58
21,"[2, 1]",96.24999999999667,"[14, 25]","[30.800000000000303, 0]","[0, 0]",58
22,"[0, 1]",85.04999999999731,"[20, 12]","[2.3499999999999996, 0]","[2.3499999999999996, 0]",58
23,"[2, 1]",101.54999999999637,"[21, 26]","[29.15000000000028, 0]","[0, 0]",58
24,"[0, 1]",89.94999999999703,"[22, 13]","[2.549999999999999, 0]","[2.549999999999999, 0]",58
25,"[0, 1]",94.74999999999676,"[24, 14]","[2.499999999999999, 0]","[2.499999999999999, 0]",58
26,"[0, 1]",99.64999999999648,"[25, 21]","[2.499999999999999, 0]","[2.499999999999999, 0]",58
27,"[0, 1]",105.59999999999614,"[26, 23]","[2.7499999999999982, 0]","[2.7499999999999982, 0]",58
28,"[0, 1]",105.44999999999615,"[27, 27]","[0, 0]","[0, 0]",58
29,"[2, 1]",112.84999999999573,"[23, 28]","[30.200000000000294, 0]","[2.6499999999999986, 0]",58
30,"[2, 1]",117.79999999999545,"[29, 31]","[26.050000000000235, 0]","[0, 0]",58
31,"[0, 1]",111.09999999999583,"[28, 29]","[2.4499999999999993, 0]","[2.4499999999999993, 0]",58
32,"[2, 1]",123.14999999999515,"[30, 33]","[24.600000000000215, 0]","[0, 0]",58
33,"[0, 1]",117.54999999999546,"[31, 30]","[1.850000000000001, 0]","[1.850000000000001, 0]",58
34,"[0, 1]",122.69999999999517,"[33, 32]","[2.1500000000000004, 0]","[2.1500000000000004, 0]",58
35,"[2, 1]",128.69999999999501,"[32, 34]","[23.100000000000193, 0]","[0, 0]",58
36,"[0, 1]",127.79999999999488,"[34, 35]","[2.499999999999999, 0]","[2.499999999999999, 0]",58
37,"[0, 1]",127.19999999999492,"[36, 36]","[0, 0]","[0, 0]",58
38,"[2, 3]",159.450000000002,"[35, -999]","[23.050000000000193, 0]","[0, 0]",58
39,"[0, 1]",133.8999999999962,"[37, 42]","[2.6499999999999986, 0]","[2.6499999999999986, 0]",58
40,"[0, 1]",133.29999999999606,"[39, 39]","[0, 0]","[0, 0]",58
41,"[0, 1]",138.6999999999973,"[40, 43]","[2.499999999999999, 0]","[2.499999999999999, 0]",58
42,"[2, 1]",134.64999999999637,"[38, 37]","[22.600000000000186, 0]","[0, 0]",58
43,"[2, 1]",146.84999999999914,"[42, 40]","[24.150000000000208, 0]","[2.499999999999999, 0]",58
44,"[0, 1]",144.4499999999986,"[41, 47]","[2.849999999999998, 0]","[2.849999999999998, 0]",58
45,"[0, 1]",144.4999999999986,"[44, 44]","[0, 0]","[0, 0]",58
46,"[0, 1]",150.1499999999999,"[45, 48]","[2.4499999999999993, 0]","[2.4499999999999993, 0]",58
47,"[2, 1]",151.70000000000024,"[43, 41]","[20.900000000000162, 0]","[0, 0]",58
48,"[2, 1]",163.15000000000285,"[47, 45]","[23.950000000000205, 0]","[2.7499999999999982, 0]",58
49,"[0, 3]",182.20000000000718,"[46, 50]","[0, 0]","[0, 0]",58
50,"[2, 3]",192.4500000000095,"[48, -999]","[21.000000000000163, 0]","[0, 0]",58
51,"[0, 1]",153.95000000000076,"[49, 53]","[1.3500000000000005, 0]","[0, 0]",58
52,"[0, 1]",154.65000000000092,"[51, 51]","[1.950000000000001, 0]","[0, 0]",58
53,"[2, 1]",164.80000000000322,"[50, 46]","[22.450000000000184, 0]","[0, 0]",58
54,"[0, 1]",155.65000000000114,"[52, 52]","[2.1000000000000005, 0]","[0, 0]",58
55,"[2, 1]",183.70000000000752,"[53, 54]","[29.400000000000283, 0]","[6.399999999999985, 0]",58
56,"[0, 1]",161.55000000000248,"[54, 55]","[4.6499999999999915, 0]","[2.4499999999999993, 0]",58
57,"[0, 1]",167.90000000000393,"[56, 58]","[4.849999999999991, 0]","[2.549999999999999, 0]",58
58,"[2, 1]",188.65000000000865,"[55, 56]","[23.200000000000195, 0]","[0, 0]",58
59,"[0, 1]",167.3000000000038,"[57, 57]","[2.3499999999999996, 0]","[0, 0]",58
60,"[0, 1]",167.85000000000392,"[59, 59]","[2.3499999999999996, 0]","[0, 0]",58
61,"[0, 1]",173.65000000000524,"[60, 69]","[4.699999999999991, 0]","[2.3499999999999996, 0]",58
62,"[0, 1]",174.05000000000533,"[61, 61]","[2.3, 0]","[0, 0]",58
63,"[0, 1]",175.00000000000554,"[62, 62]","[2.3, 0]","[0, 0]",58
64,"[0, 1]",176.05000000000578,"[63, 63]","[2.8999999999999977, 0]","[0, 0]",58
65,"[2, 3]",219.40000000001564,"[58, 49]","[23.800000000000203, 0]","[0, 0]",58
66,"[0, 3]",207.00000000001282,"[64, 76]","[3.7499999999999947, 0]","[0, 0]",58
67,"[0, 1]",179.6000000000066,"[66, 64]","[4.149999999999993, 0]","[0, 0]",58
68,"[0, 1]",179.85000000000664,"[67, 67]","[4.849999999999991, 0]","[0, 0]",58
69,"[2, 1]",201.05000000001147,"[65, 60]","[28.900000000000276, 0]","[2.3, 0]",58
70,"[0, 1]",176.25000000000583,"[68, 68]","[5.849999999999987, 0]","[0, 0]",58
71,"[0, 1]",174.55000000000544,"[70, 70]","[6.099999999999986, 0]","[0, 0]",58
72,"[0, 1]",168.40000000000404,"[71, 71]","[4.599999999999992, 0]","[0, 0]",58
73,"[0, 1]",164.05000000000305,"[72, 72]","[4.3499999999999925, 0]","[0, 0]",58
74,"[0, 1]",163.3500000000029,"[73, 73]","[4.399999999999992, 0]","[0, 0]",58
75,"[0, 1]",159.20000000000195,"[74, 74]","[4.299999999999993, 0]","[0, 0]",58
76,"[2, 3]",229.850000000018,"[69, 65]","[29.90000000000029, 0]","[0, 0]",58
77,"[0, 1]",158.90000000000188,"[75, 75]","[5.04999999999999, 0]","[0, 0]",58
78,"[0, 3]",181.15000000000694,"[77, -999]","[2.9499999999999975, 0]","[0, 0]",58
79,"[0, 1]",153.15000000000057,"[78, 77]","[2.5999999999999988, 0]","[0, 0]",58
0,"[2, 1]",36.40000000000007,"[-999, -999]","[0, 0]","[0, 0]",59
1,"[2, 3]",68.49999999999825,"[0, -999]","[0, 0]","[0, 0]",59
2,"[2, 1]",37.30000000000002,"[1, 0]","[0, 0]","[0, 0]",59
3,"[2, 1]",39.04999999999992,"[2, 2]","[0, 0]","[0, 0]",59
4,"[2, 1]",40.94999999999981,"[3, 3]","[0, 0]","[0, 0]",59
5,"[2, 1]",42.74999999999971,"[4, 4]","[0, 0]","[0, 0]",59
6,"[2, 1]",44.34999999999962,"[5, 5]","[0, 0]","[0, 0]",59
7,"[2, 1]",45.74999999999954,"[6, 6]","[0, 0]","[0, 0]",59
8,"[2, 1]",46.99999999999947,"[7, 7]","[0, 0]","[0, 0]",59
9,"[2, 1]",47.899999999999416,"[8, 8]","[0, 0]","[0, 0]",59
10,"[2, 1]",59.94999999999873,"[9, 14]","[6.5999999999999845, 0]","[6.5999999999999845, 0]",59
11,"[2, 1]",75.54999999999785,"[10, 17]","[9.800000000000004, 0]","[9.800000000000004, 0]",59
12,"[0, 1]",72.24999999999804,"[-999, 9]","[0, 0]","[2.25, 0]",59
13,"[2, 1]",75.34999999999786,"[11, 11]","[0, 0]","[0, 0]",59
14,"[0, 1]",73.54999999999797,"[12, 12]","[0, 0]","[0, 0]",59
15,"[0, 1]",79.49999999999763,"[14, 10]","[2.4499999999999993, 0]","[2.4499999999999993, 0]",59
16,"[0, 1]",79.8999999999976,"[15, 15]","[0, 0]","[0, 0]",59
17,"[0, 1]",80.89999999999755,"[16, 16]","[0, 0]","[0, 0]",59
18,"[0, 3]",111.79999999999579,"[17, -999]","[0, 0]","[0, 0]",59
19,"[2, 1]",88.14999999999714,"[13, 21]","[30.5000000000003, 0]","[2.9499999999999975, 0]",59
20,"[0, 1]",89.64999999999705,"[18, 13]","[3.349999999999996, 0]","[3.349999999999996, 0]",59
21,"[0, 1]",89.09999999999708,"[20, 20]","[0, 0]","[0, 0]",59
22,"[2, 1]",98.74999999999653,"[19, 26]","[33.80000000000022, 0]","[3.2499999999999964, 0]",59
23,"[2, 1]",109.29999999999593,"[22, 28]","[30.850000000000303, 0]","[2.6499999999999986, 0]",59
24,"[0, 1]",94.69999999999676,"[21, 19]","[2.5999999999999988, 0]","[2.5999999999999988, 0]",59
25,"[2, 1]",109.04999999999595,"[23, 23]","[26.550000000000242, 0]","[0, 0]",59
26,"[0, 1]",95.04999999999674,"[24, 24]","[0, 0]","[0, 0]",59
27,"[0, 1]",100.84999999999641,"[26, 22]","[2.499999999999999, 0]","[2.499999999999999, 0]",59
28,"[0, 1]",101.1999999999964,"[27, 27]","[0, 0]","[0, 0]",59
29,"[2, 1]",127.3499999999949,"[25, 36]","[35.050000000000146, 0]","[9.900000000000006, 0]",59
30,"[0, 3]",131.99999999999577,"[28, -999]","[0, 0]","[0, 0]",59
31,"[0, 1]",109.14999999999594,"[30, 25]","[2.9499999999999975, 0]","[2.9499999999999975, 0]",59
32,"[2, 3]",156.70000000000138,"[29, 30]","[23.750000000000203, 0]","[0, 0]",59
33,"[2, 1]",133.24999999999605,"[32, 38]","[22.400000000000183, 0]","[0, 0]",59
34,"[0, 1]",109.44999999999592,"[31, 31]","[0, 0]","[0, 0]",59
35,"[2, 1]",139.09999999999738,"[33, 40]","[22.20000000000018, 0]","[0, 0]",59
36,"[0, 1]",110.34999999999587,"[34, 34]","[0, 0]","[0, 0]",59
37,"[0, 1]",117.04999999999549,"[36, 29]","[2.549999999999999, 0]","[2.549999999999999, 0]",59
38,"[0, 1]",116.9499999999955,"[37, 37]","[0, 0]","[0, 0]",59
39,"[2, 1]",144.09999999999852,"[35, 41]","[21.900000000000176, 0]","[0, 0]",59
40,"[0, 1]",122.0999999999952,"[38, 33]","[2.499999999999999, 0]","[2.499999999999999, 0]",59
41,"[0, 1]",128.39999999999495,"[40, 35]","[2.799999999999998, 0]","[2.799999999999998, 0]",59
42,"[2, 3]",174.90000000000552,"[39, 32]","[22.550000000000185, 0]","[0, 0]",59
43,"[2, 1]",149.99999999999986,"[42, 45]","[23.6000000000002, 0]","[0, 0]",59
44,"[0, 1]",133.4499999999961,"[41, 39]","[2.549999999999999, 0]","[2.549999999999999, 0]",59
45,"[0, 1]",132.84999999999596,"[44, 44]","[0, 0]","[0, 0]",59
46,"[0, 1]",139.6499999999975,"[45, 43]","[2.799999999999998, 0]","[2.799999999999998, 0]",59
47,"[2, 1]",156.7500000000014,"[43, 46]","[25.65000000000023, 0]","[0, 0]",59
48,"[0, 3]",168.200000000004,"[46, 42]","[0, 0]","[0, 0]",59
49,"[2, 1]",157.2000000000015,"[47, 47]","[33.95000000000021, 0]","[0, 0]",59
50,"[0, 3]",170.55000000000453,"[48, 48]","[0, 0]","[0, 0]",59
51,"[0, 1]",141.59999999999795,"[50, 49]","[0, 0]","[0, 0]",59
52,"[0, 1]",142.59999999999818,"[51, 51]","[0, 0]","[0, 0]",59
53,"[2, 1]",171.3000000000047,"[49, 52]","[38.09999999999997, 0]","[3.099999999999997, 0]",59
54,"[0, 1]",148.64999999999955,"[52, 53]","[2.5999999999999988, 0]","[2.5999999999999988, 0]",59
55,"[2, 1]",181.8000000000071,"[53, 56]","[37.99999999999998, 0]","[2.6499999999999986, 0]",59
56,"[0, 1]",148.8999999999996,"[54, 54]","[0, 0]","[0, 0]",59
57,"[0, 1]",154.75000000000094,"[56, 55]","[3.149999999999997, 0]","[2.549999999999999, 0]",59
58,"[0, 1]",154.95000000000098,"[57, 57]","[1.1000000000000003, 0]","[0, 0]",59
59,"[0, 1]",160.3000000000022,"[58, 62]","[3.7499999999999947, 0]","[2.499999999999999, 0]",59
60,"[2, 3]",210.60000000001364,"[55, 50]","[41.249999999999794, 0]","[0, 0]",59
61,"[0, 1]",160.8000000000023,"[59, 59]","[1.4500000000000006, 0]","[0, 0]",59
62,"[2, 1]",187.5500000000084,"[60, 58]","[42.54999999999972, 0]","[0, 0]",59
63,"[0, 1]",161.80000000000254,"[61, 61]","[2.1500000000000004, 0]","[0, 0]",59
64,"[0, 1]",162.85000000000278,"[63, 63]","[3.149999999999997, 0]","[0, 0]",59
65,"[0, 3]",193.7500000000098,"[64, 60]","[4.549999999999992, 0]","[0, 0]",59
66,"[0, 3]",195.9500000000103,"[65, 65]","[5.1999999999999895, 0]","[0, 0]",59
67,"[0, 1]",160.90000000000234,"[66, 64]","[4.049999999999994, 0]","[0, 0]",59
68,"[0, 1]",161.00000000000236,"[67, 67]","[5.1999999999999895, 0]","[0, 0]",59
69,"[0, 1]",161.90000000000256,"[68, 68]","[6.5999999999999845, 0]","[0, 0]",59
70,"[0, 1]",162.75000000000276,"[69, 69]","[7.89999999999998, 0]","[0, 0]",59
71,"[0, 1]",161.6500000000025,"[70, 70]","[8.699999999999989, 0]","[0, 0]",59
72,"[0, 3]",189.55000000000885,"[71, 66]","[9.099999999999994, 0]","[0, 0]",59
73,"[0, 1]",161.85000000000255,"[72, 71]","[8.899999999999991, 0]","[0, 0]",59
74,"[0, 1]",155.70000000000115,"[73, 73]","[7.299999999999982, 0]","[0, 0]",59
75,"[0, 1]",156.15000000000126,"[74, 74]","[6.749999999999984, 0]","[0, 0]",59
76,"[0, 1]",151.40000000000018,"[75, 75]","[6.449999999999985, 0]","[0, 0]",59
77,"[0, 1]",146.29999999999902,"[76, 76]","[5.399999999999989, 0]","[0, 0]",59
78,"[0, 3]",176.05000000000578,"[77, 72]","[4.849999999999991, 0]","[0, 0]",59
79,"[0, 1]",138.94999999999735,"[78, 77]","[0, 0]","[0, 0]",59
0,"[2, 1]",36.40000000000007,"[-999, -999]","[0, 0]","[0, 0]",60
1,"[2, 3]",68.49999999999825,"[0, -999]","[0, 0]","[0, 0]",60
2,"[2, 1]",37.30000000000002,"[1, 0]","[0, 0]","[0, 0]",60
3,"[2, 1]",39.04999999999992,"[2, 2]","[0, 0]","[0, 0]",60
4,"[0, 1]",76.3499999999978,"[-999, 9]","[0, 0]","[2.849999999999998, 0]",60
5,"[2, 1]",40.94999999999981,"[3, 3]","[0, 0]","[0, 0]",60
6,"[2, 1]",42.74999999999971,"[5, 5]","[0, 0]","[0, 0]",60
7,"[2, 1]",44.34999999999962,"[6, 6]","[0, 0]","[0, 0]",60
8,"[2, 1]",45.74999999999954,"[7, 7]","[0, 0]","[0, 0]",60
9,"[2, 1]",46.99999999999947,"[8, 8]","[0, 0]","[0, 0]",60
10,"[2, 1]",57.749999999998856,"[9, 14]","[5.749999999999988, 0]","[5.749999999999988, 0]",60
11,"[2, 1]",73.29999999999798,"[10, 17]","[18.900000000000134, 0]","[12.600000000000044, 0]",60
12,"[2, 1]",73.24999999999798,"[11, 11]","[25.950000000000234, 0]","[1.7500000000000009, 0]",60
13,"[2, 1]",91.39999999999695,"[12, 21]","[35.9000000000001, 0]","[9.650000000000002, 0]",60
14,"[0, 1]",69.4499999999982,"[4, 4]","[0, 0]","[0, 0]",60
15,"[0, 1]",75.69999999999784,"[14, 10]","[2.549999999999999, 0]","[2.549999999999999, 0]",60
16,"[0, 1]",76.09999999999782,"[15, 15]","[0, 0]","[0, 0]",60
17,"[0, 1]",77.04999999999777,"[16, 16]","[0, 0]","[0, 0]",60
18,"[0, 3]",108.099999999996,"[17, -999]","[0, 0]","[0, 0]",60
19,"[0, 1]",85.64999999999728,"[18, 12]","[3.2999999999999963, 0]","[3.2999999999999963, 0]",60
20,"[0, 1]",85.49999999999729,"[19, 19]","[0, 0]","[0, 0]",60
21,"[0, 1]",86.39999999999723,"[20, 20]","[0, 0]","[0, 0]",60
22,"[0, 1]",92.2999999999969,"[21, 13]","[2.4499999999999993, 0]","[2.4499999999999993, 0]",60
23,"[0, 1]",92.64999999999688,"[22, 22]","[0, 0]","[0, 0]",60
24,"[0, 1]",97.94999999999658,"[23, 29]","[2.499999999999999, 0]","[2.499999999999999, 0]",60
25,"[2, 3]",120.4999999999953,"[13, 18]","[43.89999999999964, 0]","[0.05, 0]",60
26,"[0, 1]",98.44999999999655,"[24, 24]","[0, 0]","[0, 0]",60
27,"[0, 1]",99.44999999999649,"[26, 26]","[0, 0]","[0, 0]",60
28,"[0, 1]",105.34999999999616,"[27, 30]","[2.4499999999999993, 0]","[2.4499999999999993, 0]",60
29,"[2, 1]",97.24999999999662,"[25, 23]","[43.39999999999967, 0]","[0, 0]",60
30,"[2, 1]",113.64999999999569,"[29, 27]","[50.84999999999925, 0]","[9.750000000000004, 0]",60
31,"[0, 1]",110.79999999999585,"[28, 32]","[2.6999999999999984, 0]","[2.6999999999999984, 0]",60
32,"[2, 1]",118.5499999999954,"[30, 28]","[39.3499999999999, 0]","[0, 0]",60
33,"[0, 3]",140.39999999999768,"[31, 25]","[0, 0]","[0, 0]",60
34,"[2, 1]",124.09999999999509,"[32, 31]","[37.84999999999999, 0]","[0, 0]",60
35,"[0, 1]",111.84999999999579,"[33, 34]","[0, 0]","[0, 0]",60
36,"[2, 1]",136.0999999999967,"[34, 37]","[43.29999999999968, 0]","[6.999999999999983, 0]",60
37,"[0, 1]",112.64999999999574,"[35, 35]","[0, 0]","[0, 0]",60
38,"[0, 1]",120.14999999999532,"[37, 36]","[1.0500000000000003, 0]","[1.0500000000000003, 0]",60
39,"[2, 1]",146.84999999999914,"[36, 40]","[37.550000000000004, 0]","[2.6999999999999984, 0]",60
40,"[0, 1]",119.54999999999535,"[38, 38]","[0, 0]","[0, 0]",60
41,"[0, 1]",124.94999999999504,"[40, 39]","[2.499999999999999, 0]","[2.499999999999999, 0]",60
42,"[0, 3]",154.85000000000096,"[41, 33]","[0, 0]","[0, 0]",60
43,"[2, 1]",151.9000000000003,"[39, 41]","[33.40000000000024, 0]","[0, 0]",60
44,"[0, 1]",126.69999999999494,"[42, 43]","[0, 0]","[0, 0]",60
45,"[2, 3]",183.95000000000758,"[43, 42]","[31.95000000000032, 0]","[0, 0]",60
46,"[0, 1]",127.74999999999488,"[44, 44]","[0, 0]","[0, 0]",60
47,"[0, 1]",133.19999999999604,"[46, 48]","[2.3999999999999995, 0]","[2.3999999999999995, 0]",60
48,"[2, 1]",159.8000000000021,"[45, 46]","[31.450000000000312, 0]","[0, 0]",60
49,"[0, 3]",163.3500000000029,"[47, 45]","[0.8000000000000002, 0]","[0, 0]",60
50,"[2, 1]",165.50000000000338,"[48, 47]","[31.550000000000313, 0]","[0, 0]",60
51,"[0, 1]",135.14999999999648,"[49, 50]","[1.3000000000000005, 0]","[0, 0]",60
52,"[0, 1]",136.24999999999673,"[51, 51]","[1.6500000000000008, 0]","[0, 0]",60
53,"[0, 1]",141.69999999999797,"[52, 69]","[5.799999999999987, 0]","[2.3999999999999995, 0]",60
54,"[0, 3]",171.85000000000483,"[53, 60]","[4.449999999999992, 0]","[0, 0]",60
55,"[0, 3]",174.20000000000536,"[54, 54]","[5.1999999999999895, 0]","[0, 0]",60
56,"[0, 1]",145.69999999999888,"[55, 53]","[6.249999999999986, 0]","[0, 0]",60
57,"[0, 1]",146.74999999999912,"[56, 56]","[6.549999999999985, 0]","[0, 0]",60
58,"[0, 1]",147.89999999999938,"[57, 57]","[7.4499999999999815, 0]","[0, 0]",60
59,"[0, 1]",148.94999999999962,"[58, 58]","[8.249999999999982, 0]","[0, 0]",60
60,"[2, 3]",197.55000000001067,"[50, 49]","[32.3500000000003, 0]","[0, 0]",60
61,"[0, 1]",149.94999999999985,"[59, 59]","[8.599999999999987, 0]","[0, 0]",60
62,"[0, 3]",180.90000000000688,"[61, 55]","[9.249999999999996, 0]","[0, 0]",60
63,"[0, 1]",153.40000000000063,"[62, 61]","[9.950000000000006, 0]","[0, 0]",60
64,"[0, 1]",152.8500000000005,"[63, 63]","[10.400000000000013, 0]","[0, 0]",60
65,"[0, 3]",182.85000000000733,"[64, 62]","[10.000000000000007, 0]","[0, 0]",60
66,"[0, 1]",147.0999999999992,"[65, 64]","[6.649999999999984, 0]","[0, 0]",60
67,"[0, 1]",147.24999999999923,"[66, 66]","[5.999999999999987, 0]","[0, 0]",60
68,"[0, 1]",141.74999999999798,"[67, 67]","[4.899999999999991, 0]","[0, 0]",60
69,"[2, 1]",173.40000000000518,"[60, 52]","[34.700000000000166, 0]","[0, 0]",60
70,"[0, 1]",142.39999999999813,"[68, 68]","[4.549999999999992, 0]","[0, 0]",60
71,"[0, 1]",143.24999999999832,"[70, 70]","[3.949999999999994, 0]","[0, 0]",60
72,"[0, 1]",143.89999999999847,"[71, 71]","[2.9499999999999975, 0]","[0, 0]",60
73,"[0, 1]",137.34999999999698,"[72, 72]","[0.7000000000000001, 0]","[0, 0]",60
74,"[0, 1]",137.8499999999971,"[73, 73]","[0, 0]","[0, 0]",60
75,"[0, 1]",133.4999999999961,"[74, 74]","[0.9000000000000002, 0]","[0, 0]",60
76,"[0, 1]",134.14999999999625,"[75, 75]","[1.3500000000000005, 0]","[0, 0]",60
77,"[0, 1]",134.99999999999645,"[76, 76]","[1.7000000000000008, 0]","[0, 0]",60
78,"[0, 1]",135.39999999999654,"[77, 77]","[2.0500000000000007, 0]","[0, 0]",60
79,"[0, 1]",133.4499999999961,"[78, 78]","[2.3999999999999995, 0]","[0, 0]",60
0,"[2, 1]",36.40000000000007,"[-999, -999]","[0, 0]","[0, 0]",61
1,"[2, 1]",38.09999999999997,"[0, 0]","[0, 0]","[0, 0]",61
2,"[2, 1]",39.89999999999987,"[1, 1]","[0, 0]","[0, 0]",61
3,"[2, 1]",41.79999999999976,"[2, 2]","[0, 0]","[0, 0]",61
4,"[2, 1]",43.54999999999966,"[3, 3]","[0, 0]","[0, 0]",61
5,"[2, 1]",45.099999999999575,"[4, 4]","[0, 0]","[0, 0]",61
6,"[2, 1]",46.349999999999504,"[5, 5]","[0, 0]","[0, 0]",61
7,"[2, 1]",47.399999999999444,"[6, 6]","[0, 0]","[0, 0]",61
8,"[2, 1]",48.449999999999385,"[7, 7]","[0, 0]","[0, 0]",61
9,"[2, 1]",69.99999999999817,"[8, 16]","[13.300000000000054, 0]","[13.300000000000054, 0]",61
10,"[2, 1]",79.79999999999761,"[9, 19]","[2.3999999999999995, 0]","[2.3999999999999995, 0]",61
11,"[2, 1]",84.74999999999733,"[10, 20]","[0, 0]","[0, 0]",61
12,"[0, 1]",68.84999999999823,"[-999, 8]","[0, 0]","[0, 0]",61
13,"[2, 1]",89.94999999999703,"[11, 21]","[32.05000000000032, 0]","[0, 0]",61
14,"[0, 1]",70.39999999999814,"[12, 12]","[0, 0]","[0, 0]",61
15,"[0, 1]",71.34999999999809,"[14, 14]","[0, 0]","[0, 0]",61
16,"[0, 1]",72.04999999999805,"[15, 15]","[0, 0]","[0, 0]",61
17,"[0, 1]",78.69999999999767,"[16, 9]","[1.4500000000000006, 0]","[1.4500000000000006, 0]",61
18,"[2, 1]",95.34999999999673,"[13, 24]","[37.99999999999998, 0]","[0, 0]",61
19,"[0, 1]",78.0999999999977,"[17, 17]","[0, 0]","[0, 0]",61
20,"[0, 1]",83.5499999999974,"[19, 10]","[2.499999999999999, 0]","[2.499999999999999, 0]",61
21,"[0, 1]",89.79999999999704,"[20, 11]","[2.3999999999999995, 0]","[2.3999999999999995, 0]",61
22,"[2, 1]",100.84999999999641,"[18, 25]","[35.65000000000011, 0]","[0, 0]",61
23,"[2, 1]",106.2999999999961,"[22, 26]","[34.000000000000206, 0]","[0, 0]",61
24,"[0, 1]",94.94999999999675,"[21, 13]","[2.3999999999999995, 0]","[2.3999999999999995, 0]",61
25,"[0, 1]",99.94999999999646,"[24, 18]","[2.6499999999999986, 0]","[2.6499999999999986, 0]",61
26,"[0, 1]",104.99999999999618,"[25, 22]","[2.549999999999999, 0]","[2.549999999999999, 0]",61
27,"[0, 1]",110.04999999999589,"[26, 23]","[2.3, 0]","[2.3, 0]",61
28,"[0, 1]",115.1999999999956,"[27, 30]","[2.3, 0]","[2.3, 0]",61
29,"[0, 1]",120.24999999999531,"[28, 34]","[2.3499999999999996, 0]","[2.3499999999999996, 0]",61
30,"[2, 1]",111.84999999999579,"[23, 27]","[32.450000000000294, 0]","[0, 0]",61
31,"[0, 1]",125.29999999999502,"[29, 35]","[2.3499999999999996, 0]","[2.3499999999999996, 0]",61
32,"[0, 3]",151.5500000000002,"[31, -999]","[0, 0]","[0, 0]",61
33,"[0, 1]",125.29999999999502,"[32, 41]","[0, 0]","[0, 0]",61
34,"[2, 1]",117.29999999999548,"[30, 28]","[31.000000000000306, 0]","[0, 0]",61
35,"[2, 1]",122.74999999999517,"[34, 29]","[29.550000000000285, 0]","[0, 0]",61
36,"[0, 1]",130.64999999999546,"[33, 42]","[2.549999999999999, 0]","[2.549999999999999, 0]",61
37,"[0, 1]",136.44999999999678,"[36, 45]","[2.7499999999999982, 0]","[2.7499999999999982, 0]",61
38,"[0, 1]",142.49999999999815,"[37, 47]","[2.000000000000001, 0]","[2.000000000000001, 0]",61
39,"[0, 1]",141.89999999999802,"[38, 38]","[0, 0]","[0, 0]",61
40,"[0, 1]",142.44999999999814,"[39, 39]","[0, 0]","[0, 0]",61
41,"[2, 1]",128.2499999999949,"[35, 31]","[28.150000000000265, 0]","[0, 0]",61
42,"[2, 1]",134.64999999999637,"[41, 33]","[26.700000000000244, 0]","[0, 0]",61
43,"[0, 1]",147.79999999999936,"[40, 51]","[2.3999999999999995, 0]","[2.3999999999999995, 0]",61
44,"[0, 1]",148.29999999999947,"[43, 43]","[0, 0]","[0, 0]",61
45,"[2, 1]",139.99999999999758,"[42, 36]","[25.300000000000225, 0]","[0, 0]",61
46,"[0, 1]",153.60000000000068,"[44, 58]","[2.4499999999999993, 0]","[2.4499999999999993, 0]",61
47,"[2, 1]",145.59999999999886,"[45, 37]","[23.900000000000205, 0]","[0, 0]",61
48,"[2, 3]",176.65000000000592,"[47, 32]","[22.450000000000184, 0]","[0, 0]",61
49,"[0, 3]",183.70000000000752,"[46, 54]","[0, 0]","[0, 0]",61
50,"[2, 3]",179.6000000000066,"[48, 48]","[21.050000000000164, 0]","[0, 0]",61
51,"[2, 1]",153.7000000000007,"[50, 40]","[19.700000000000145, 0]","[0, 0]",61
52,"[0, 1]",161.05000000000237,"[49, 62]","[3.149999999999997, 0]","[3.149999999999997, 0]",61
53,"[0, 3]",190.7000000000091,"[52, 49]","[0, 0]","[0, 0]",61
54,"[2, 3]",183.70000000000752,"[51, 50]","[18.250000000000124, 0]","[0, 0]",61
55,"[0, 3]",193.00000000000963,"[53, 53]","[0, 0]","[0, 0]",61
56,"[0, 1]",164.35000000000312,"[55, 65]","[0, 0]","[0, 0]",61
57,"[0, 1]",165.40000000000336,"[56, 56]","[0, 0]","[0, 0]",61
58,"[2, 1]",160.00000000000213,"[54, 44]","[16.900000000000105, 0]","[0, 0]",61
59,"[0, 1]",166.5000000000036,"[57, 57]","[0, 0]","[0, 0]",61
60,"[2, 1]",165.80000000000345,"[58, 46]","[17.15000000000011, 0]","[0, 0]",61
61,"[0, 1]",167.55000000000385,"[59, 59]","[0, 0]","[0, 0]",61
62,"[2, 1]",165.65000000000342,"[60, 60]","[17.95000000000012, 0]","[0, 0]",61
63,"[0, 1]",168.6000000000041,"[61, 61]","[0, 0]","[0, 0]",61
64,"[0, 1]",169.5500000000043,"[63, 63]","[0, 0]","[0, 0]",61
65,"[2, 1]",173.80000000000527,"[62, 52]","[18.60000000000013, 0]","[0, 0]",61
66,"[0, 1]",170.60000000000454,"[64, 64]","[0, 0]","[0, 0]",61
67,"[0, 1]",171.55000000000476,"[66, 66]","[0.8000000000000002, 0]","[0, 0]",61
68,"[0, 1]",172.10000000000488,"[67, 67]","[1.2000000000000004, 0]","[0, 0]",61
69,"[0, 1]",169.1000000000042,"[68, 68]","[2.25, 0]","[0, 0]",61
70,"[0, 1]",165.35000000000335,"[69, 69]","[2.9499999999999975, 0]","[0, 0]",61
71,"[0, 1]",162.15000000000262,"[70, 70]","[3.349999999999996, 0]","[0, 0]",61
72,"[0, 1]",156.00000000000122,"[71, 71]","[4.249999999999993, 0]","[0, 0]",61
73,"[0, 1]",153.95000000000076,"[72, 72]","[5.1999999999999895, 0]","[0, 0]",61
74,"[0, 1]",151.1000000000001,"[73, 73]","[5.699999999999988, 0]","[0, 0]",61
75,"[0, 1]",151.20000000000013,"[74, 74]","[5.299999999999989, 0]","[0, 0]",61
76,"[2, 3]",211.50000000001384,"[65, 55]","[21.300000000000168, 0]","[2.9999999999999973, 0]",61
77,"[0, 1]",144.99999999999872,"[75, 75]","[4.149999999999993, 0]","[0, 0]",61
78,"[0, 1]",144.64999999999864,"[77, 77]","[4.549999999999992, 0]","[0, 0]",61
79,"[0, 1]",140.74999999999775,"[78, 78]","[4.94999999999999, 0]","[0, 0]",61
0,"[2, 1]",36.40000000000007,"[-999, -999]","[0, 0]","[0, 0]",62
1,"[2, 1]",38.09999999999997,"[0, 0]","[0, 0]","[0, 0]",62
2,"[2, 1]",39.89999999999987,"[1, 1]","[0, 0]","[0, 0]",62
3,"[2, 1]",41.79999999999976,"[2, 2]","[0, 0]","[0, 0]",62
4,"[2, 1]",43.54999999999966,"[3, 3]","[0, 0]","[0, 0]",62
5,"[2, 1]",45.04999999999958,"[4, 4]","[0, 0]","[0, 0]",62
6,"[2, 1]",46.349999999999504,"[5, 5]","[0, 0]","[0, 0]",62
7,"[2, 1]",47.399999999999444,"[6, 6]","[0, 0]","[0, 0]",62
8,"[2, 1]",48.54999999999938,"[7, 7]","[0, 0]","[0, 0]",62
9,"[2, 1]",56.549999999998924,"[8, 14]","[3.149999999999997, 0]","[3.149999999999997, 0]",62
10,"[2, 1]",61.449999999998646,"[9, 15]","[0, 0]","[0, 0]",62
11,"[2, 1]",67.04999999999833,"[10, 16]","[0, 0]","[0, 0]",62
12,"[2, 3]",96.89999999999664,"[11, -999]","[11.200000000000024, 0]","[0, 0]",62
13,"[2, 1]",69.3499999999982,"[12, 17]","[20.450000000000156, 0]","[0, 0]",62
14,"[0, 1]",67.6499999999983,"[-999, 8]","[0, 0]","[0, 0]",62
15,"[0, 1]",74.19999999999793,"[14, 9]","[0, 0]","[0, 0]",62
16,"[0, 1]",80.29999999999758,"[15, 10]","[2.799999999999998, 0]","[2.799999999999998, 0]",62
17,"[0, 1]",86.09999999999725,"[16, 11]","[2.549999999999999, 0]","[2.549999999999999, 0]",62
18,"[0, 3]",116.69999999999551,"[17, 12]","[2.5999999999999988, 0]","[2.5999999999999988, 0]",62
19,"[2, 1]",83.3999999999974,"[13, 21]","[24.90000000000022, 0]","[6.799999999999984, 0]",62
20,"[0, 1]",89.49999999999706,"[18, 13]","[0, 0]","[0, 0]",62
21,"[0, 1]",89.64999999999705,"[20, 20]","[0, 0]","[0, 0]",62
22,"[0, 1]",96.89999999999664,"[21, 19]","[1.2500000000000004, 0]","[1.2500000000000004, 0]",62
23,"[0, 1]",102.04999999999634,"[22, 25]","[2.25, 0]","[2.25, 0]",62
24,"[0, 1]",107.04999999999606,"[23, 27]","[2.499999999999999, 0]","[2.499999999999999, 0]",62
25,"[2, 1]",88.24999999999713,"[19, 22]","[16.4500000000001, 0]","[0, 0]",62
26,"[0, 1]",112.04999999999578,"[24, 32]","[2.499999999999999, 0]","[2.499999999999999, 0]",62
27,"[2, 1]",93.74999999999682,"[25, 23]","[14.900000000000077, 0]","[0, 0]",62
28,"[0, 1]",117.09999999999549,"[26, 33]","[2.549999999999999, 0]","[2.549999999999999, 0]",62
29,"[0, 1]",122.1999999999952,"[28, 41]","[2.499999999999999, 0]","[2.499999999999999, 0]",62
30,"[0, 1]",121.59999999999523,"[29, 29]","[0, 0]","[0, 0]",62
31,"[0, 1]",122.1999999999952,"[30, 30]","[0, 0]","[0, 0]",62
32,"[2, 1]",99.14999999999651,"[27, 24]","[13.450000000000056, 0]","[0, 0]",62
33,"[2, 1]",104.6499999999962,"[32, 26]","[12.050000000000036, 0]","[0, 0]",62
34,"[0, 1]",127.99999999999487,"[31, 47]","[2.3499999999999996, 0]","[2.3499999999999996, 0]",62
35,"[0, 1]",134.59999999999636,"[34, 49]","[1.800000000000001, 0]","[1.800000000000001, 0]",62
36,"[0, 1]",133.9499999999962,"[35, 35]","[0, 0]","[0, 0]",62
37,"[0, 1]",134.49999999999633,"[36, 36]","[0, 0]","[0, 0]",62
38,"[0, 3]",165.35000000000335,"[37, 55]","[0, 0]","[0, 0]",62
39,"[0, 1]",137.49999999999702,"[38, 60]","[0, 0]","[0, 0]",62
40,"[0, 1]",138.3499999999972,"[39, 39]","[0, 0]","[0, 0]",62
41,"[2, 1]",110.14999999999588,"[33, 28]","[10.550000000000015, 0]","[0, 0]",62
42,"[2, 3]",140.9499999999978,"[41, -999]","[9.149999999999995, 0]","[0, 0]",62
43,"[0, 3]",171.7500000000048,"[40, 65]","[0, 0]","[0, 0]",62
44,"[0, 1]",143.24999999999832,"[43, 78]","[0, 0]","[0, 0]",62
45,"[0, 1]",143.84999999999846,"[44, 44]","[0, 0]","[0, 0]",62
46,"[0, 1]",144.8499999999987,"[45, 45]","[0, 0]","[0, 0]",62
47,"[2, 1]",122.84999999999516,"[42, 31]","[9.650000000000002, 0]","[1.950000000000001, 0]",62
48,"[0, 1]",145.84999999999891,"[46, 46]","[0, 0]","[0, 0]",62
49,"[2, 1]",127.79999999999488,"[47, 34]","[7.649999999999981, 0]","[0, 0]",62
50,"[0, 3]",176.85000000000596,"[48, 43]","[0, 0]","[0, 0]",62
51,"[0, 1]",149.64999999999978,"[50, 48]","[0, 0]","[0, 0]",62
52,"[0, 1]",150.75000000000003,"[51, 51]","[0, 0]","[0, 0]",62
53,"[0, 1]",151.80000000000027,"[52, 52]","[0, 0]","[0, 0]",62
54,"[0, 1]",152.90000000000052,"[53, 53]","[0, 0]","[0, 0]",62
55,"[2, 3]",158.1000000000017,"[49, 42]","[8.249999999999982, 0]","[0, 0]",62
56,"[0, 1]",153.90000000000074,"[54, 54]","[0, 0]","[0, 0]",62
57,"[0, 1]",154.90000000000097,"[56, 56]","[0.44999999999999996, 0]","[0, 0]",62
58,"[0, 1]",155.80000000000118,"[57, 57]","[1.0500000000000003, 0]","[0, 0]",62
59,"[0, 1]",156.60000000000136,"[58, 58]","[1.4000000000000006, 0]","[0, 0]",62
60,"[2, 1]",140.34999999999766,"[55, 37]","[11.450000000000028, 0]","[2.499999999999999, 0]",62
61,"[0, 1]",156.60000000000136,"[59, 59]","[1.7000000000000008, 0]","[0, 0]",62
62,"[2, 3]",172.00000000000486,"[60, 38]","[8.699999999999989, 0]","[0, 0]",62
63,"[0, 1]",151.85000000000028,"[61, 61]","[1.900000000000001, 0]","[0, 0]",62
64,"[0, 1]",148.14999999999944,"[63, 63]","[2.2, 0]","[0, 0]",62
65,"[2, 3]",174.50000000000543,"[62, 62]","[13.550000000000058, 0]","[0, 0]",62
66,"[0, 1]",144.74999999999866,"[64, 64]","[2.3999999999999995, 0]","[0, 0]",62
67,"[0, 1]",140.84999999999778,"[66, 66]","[2.5999999999999988, 0]","[0, 0]",62
68,"[0, 1]",138.64999999999728,"[67, 67]","[2.799999999999998, 0]","[0, 0]",62
69,"[0, 1]",138.64999999999728,"[68, 68]","[2.1000000000000005, 0]","[0, 0]",62
70,"[0, 3]",161.55000000000248,"[69, -999]","[0, 0]","[0, 0]",62
71,"[0, 1]",130.7999999999955,"[70, 69]","[0, 0]","[0, 0]",62
72,"[0, 1]",130.94999999999553,"[71, 71]","[0, 0]","[0, 0]",62
73,"[0, 1]",130.89999999999552,"[72, 72]","[0, 0]","[0, 0]",62
74,"[0, 3]",159.450000000002,"[73, 70]","[0, 0]","[0, 0]",62
75,"[0, 1]",131.6999999999957,"[74, 73]","[0, 0]","[0, 0]",62
76,"[0, 1]",132.5499999999959,"[75, 75]","[0, 0]","[0, 0]",62
77,"[0, 1]",133.19999999999604,"[76, 76]","[0, 0]","[0, 0]",62
78,"[2, 1]",145.2999999999988,"[65, 40]","[16.950000000000106, 0]","[0, 0]",62
79,"[0, 1]",132.999999999996,"[77, 77]","[0, 0]","[0, 0]",62
0,"[2, 1]",36.40000000000007,"[-999, -999]","[0, 0]","[0, 0]",63
1,"[2, 3]",68.49999999999825,"[0, -999]","[0, 0]","[0, 0]",63
2,"[2, 1]",38.64999999999994,"[1, 0]","[0, 0]","[0, 0]",63
3,"[2, 1]",40.549999999999834,"[2, 2]","[0, 0]","[0, 0]",63
4,"[2, 3]",69.59999999999819,"[3, 1]","[0, 0]","[0, 0]",63
5,"[2, 1]",40.39999999999984,"[4, 3]","[0, 0]","[0, 0]",63
6,"[2, 1]",42.24999999999974,"[5, 5]","[0, 0]","[0, 0]",63
7,"[2, 1]",43.849999999999646,"[6, 6]","[0, 0]","[0, 0]",63
8,"[2, 1]",45.34999999999956,"[7, 7]","[0, 0]","[0, 0]",63
9,"[2, 1]",46.699999999999484,"[8, 8]","[0, 0]","[0, 0]",63
10,"[2, 1]",47.59999999999943,"[9, 9]","[0, 0]","[0, 0]",63
11,"[2, 1]",59.149999999998776,"[10, 15]","[6.499999999999985, 0]","[6.499999999999985, 0]",63
12,"[0, 3]",96.64999999999665,"[-999, 4]","[0, 0]","[0, 0]",63
13,"[2, 1]",74.44999999999791,"[11, 19]","[9.900000000000006, 0]","[9.900000000000006, 0]",63
14,"[0, 1]",71.69999999999807,"[12, 10]","[0, 0]","[0, 0]",63
15,"[0, 1]",72.29999999999804,"[14, 14]","[0, 0]","[0, 0]",63
16,"[0, 1]",78.74999999999767,"[15, 11]","[2.2, 0]","[2.2, 0]",63
17,"[0, 1]",78.59999999999768,"[16, 16]","[0, 0]","[0, 0]",63
18,"[2, 1]",79.44999999999763,"[13, 20]","[0, 0]","[0, 0]",63
19,"[0, 1]",79.44999999999763,"[17, 17]","[0, 0]","[0, 0]",63
20,"[0, 1]",85.94999999999726,"[19, 13]","[2.499999999999999, 0]","[2.499999999999999, 0]",63
21,"[0, 1]",91.74999999999693,"[20, 18]","[2.4499999999999993, 0]","[2.4499999999999993, 0]",63
22,"[0, 1]",96.79999999999664,"[21, 23]","[2.549999999999999, 0]","[2.549999999999999, 0]",63
23,"[2, 1]",84.64999999999733,"[18, 21]","[0, 0]","[0, 0]",63
24,"[0, 1]",101.74999999999636,"[22, 30]","[2.6499999999999986, 0]","[2.6499999999999986, 0]",63
25,"[0, 1]",106.79999999999607,"[24, 32]","[2.5999999999999988, 0]","[2.5999999999999988, 0]",63
26,"[0, 1]",111.79999999999579,"[25, 33]","[2.6999999999999984, 0]","[2.6999999999999984, 0]",63
27,"[0, 1]",116.8999999999955,"[26, 34]","[2.499999999999999, 0]","[2.499999999999999, 0]",63
28,"[0, 1]",121.89999999999522,"[27, 35]","[2.5999999999999988, 0]","[2.5999999999999988, 0]",63
29,"[0, 1]",126.89999999999493,"[28, 36]","[2.499999999999999, 0]","[2.499999999999999, 0]",63
30,"[2, 1]",90.04999999999703,"[23, 22]","[33.10000000000026, 0]","[0, 0]",63
31,"[0, 1]",131.99999999999577,"[29, 41]","[2.2, 0]","[2.2, 0]",63
32,"[2, 1]",95.49999999999672,"[30, 24]","[30.800000000000303, 0]","[0, 0]",63
33,"[2, 1]",100.94999999999641,"[32, 25]","[29.25000000000028, 0]","[0, 0]",63
34,"[2, 1]",106.3499999999961,"[33, 26]","[27.950000000000262, 0]","[0, 0]",63
35,"[2, 1]",111.84999999999579,"[34, 27]","[26.650000000000244, 0]","[0, 0]",63
36,"[2, 1]",117.19999999999548,"[35, 28]","[25.400000000000226, 0]","[0, 0]",63
37,"[0, 1]",137.0499999999969,"[31, 43]","[2.3999999999999995, 0]","[2.3999999999999995, 0]",63
38,"[0, 1]",136.44999999999678,"[37, 37]","[0, 0]","[0, 0]",63
39,"[0, 3]",166.35000000000358,"[38, 45]","[0, 0]","[0, 0]",63
40,"[0, 1]",137.8499999999971,"[39, 47]","[0, 0]","[0, 0]",63
41,"[2, 1]",122.74999999999517,"[36, 29]","[24.150000000000208, 0]","[0, 0]",63
42,"[0, 1]",138.94999999999735,"[40, 40]","[0, 0]","[0, 0]",63
43,"[2, 1]",128.1499999999949,"[41, 31]","[22.85000000000019, 0]","[0, 0]",63
44,"[0, 1]",144.4499999999986,"[42, 53]","[3.2999999999999963, 0]","[2.4499999999999993, 0]",63
45,"[2, 3]",158.9500000000019,"[43, -999]","[21.55000000000017, 0]","[0, 0]",63
46,"[0, 1]",144.8999999999987,"[44, 44]","[0.8000000000000002, 0]","[0, 0]",63
47,"[2, 1]",134.14999999999625,"[45, 38]","[20.250000000000153, 0]","[0, 0]",63
48,"[0, 1]",150.75000000000003,"[46, 60]","[2.9999999999999973, 0]","[2.499999999999999, 0]",63
49,"[0, 1]",151.1000000000001,"[48, 48]","[0, 0]","[0, 0]",63
50,"[2, 3]",166.8500000000037,"[47, 39]","[19.000000000000135, 0]","[0, 0]",63
51,"[0, 1]",156.45000000000132,"[49, 66]","[2.4499999999999993, 0]","[2.4499999999999993, 0]",63
52,"[0, 1]",162.70000000000275,"[51, 69]","[2.799999999999998, 0]","[2.799999999999998, 0]",63
53,"[2, 1]",142.6499999999982,"[50, 42]","[17.650000000000116, 0]","[0, 0]",63
54,"[0, 1]",167.8000000000039,"[52, 70]","[4.549999999999992, 0]","[2.549999999999999, 0]",63
55,"[0, 1]",167.20000000000377,"[54, 54]","[4.199999999999993, 0]","[0, 0]",63
56,"[0, 1]",173.9000000000053,"[55, 79]","[7.599999999999981, 0]","[2.799999999999998, 0]",63
57,"[0, 1]",173.35000000000517,"[56, 56]","[5.09999999999999, 0]","[0, 0]",63
58,"[0, 1]",174.00000000000531,"[57, 57]","[5.249999999999989, 0]","[0, 0]",63
59,"[0, 1]",175.00000000000554,"[58, 58]","[5.399999999999989, 0]","[0, 0]",63
60,"[2, 1]",153.95000000000076,"[53, 46]","[19.200000000000138, 0]","[2.799999999999998, 0]",63
61,"[0, 1]",176.00000000000577,"[59, 59]","[5.4999999999999885, 0]","[0, 0]",63
62,"[0, 3]",206.9500000000128,"[61, 76]","[5.599999999999988, 0]","[0, 0]",63
63,"[0, 1]",179.75000000000662,"[62, 61]","[5.599999999999988, 0]","[0, 0]",63
64,"[0, 1]",180.65000000000683,"[63, 63]","[5.599999999999988, 0]","[0, 0]",63
65,"[2, 3]",182.80000000000732,"[60, 50]","[15.050000000000079, 0]","[0, 0]",63
66,"[2, 1]",160.05000000000214,"[65, 49]","[15.200000000000081, 0]","[0, 0]",63
67,"[0, 1]",180.80000000000686,"[64, 64]","[5.649999999999988, 0]","[0, 0]",63
68,"[0, 1]",176.6000000000059,"[67, 67]","[5.649999999999988, 0]","[0, 0]",63
69,"[2, 1]",165.50000000000338,"[66, 51]","[14.950000000000077, 0]","[0, 0]",63
70,"[2, 1]",170.55000000000453,"[69, 52]","[14.200000000000067, 0]","[0, 0]",63
71,"[0, 1]",172.95000000000508,"[68, 68]","[5.599999999999988, 0]","[0, 0]",63
72,"[0, 1]",168.7000000000041,"[71, 71]","[5.599999999999988, 0]","[0, 0]",63
73,"[0, 1]",164.85000000000323,"[72, 72]","[5.549999999999988, 0]","[0, 0]",63
74,"[0, 1]",150.1499999999999,"[73, 73]","[0, 0]","[0, 0]",63
75,"[0, 1]",150.39999999999995,"[74, 74]","[0, 0]","[0, 0]",63
76,"[2, 3]",201.45000000001156,"[70, 65]","[14.40000000000007, 0]","[0, 0]",63
77,"[0, 1]",151.15000000000012,"[75, 75]","[0, 0]","[0, 0]",63
78,"[0, 1]",151.9000000000003,"[77, 77]","[1.2500000000000004, 0]","[0, 0]",63
79,"[2, 1]",176.50000000000588,"[76, 55]","[13.950000000000063, 0]","[0, 0]",63
0,"[2, 1]",36.40000000000007,"[-999, -999]","[0, 0]","[0, 0]",64
1,"[0, 3]",96.59999999999665,"[-999, -999]","[0, 0]","[0, 0]",64
2,"[2, 1]",38.09999999999997,"[0, 0]","[0, 0]","[0, 0]",64
3,"[2, 1]",39.89999999999987,"[2, 2]","[0, 0]","[0, 0]",64
4,"[2, 1]",41.79999999999976,"[3, 3]","[0, 0]","[0, 0]",64
5,"[2, 1]",43.54999999999966,"[4, 4]","[0, 0]","[0, 0]",64
6,"[2, 1]",45.04999999999958,"[5, 5]","[0, 0]","[0, 0]",64
7,"[2, 1]",46.349999999999504,"[6, 6]","[0, 0]","[0, 0]",64
8,"[2, 1]",47.34999999999945,"[7, 7]","[0, 0]","[0, 0]",64
9,"[2, 1]",48.449999999999385,"[8, 8]","[0, 0]","[0, 0]",64
10,"[2, 1]",50.09999999999929,"[9, 9]","[0, 0]","[0, 0]",64
11,"[2, 1]",57.14999999999889,"[10, 14]","[0, 0]","[0, 0]",64
12,"[0, 3]",97.09999999999663,"[1, 1]","[0, 0]","[0, 0]",64
13,"[2, 1]",61.799999999998626,"[11, 15]","[0, 0]","[0, 0]",64
14,"[0, 1]",71.44999999999808,"[12, 10]","[0, 0]","[0, 0]",64
15,"[0, 1]",78.04999999999771,"[14, 11]","[2.1000000000000005, 0]","[2.1000000000000005, 0]",64
16,"[0, 1]",83.04999999999742,"[15, 13]","[2.799999999999998, 0]","[2.799999999999998, 0]",64
17,"[0, 1]",88.09999999999714,"[16, 29]","[2.6999999999999984, 0]","[2.6999999999999984, 0]",64
18,"[0, 3]",116.44999999999553,"[17, 12]","[0, 0]","[0, 0]",64
19,"[0, 1]",88.44999999999712,"[18, 33]","[0, 0]","[0, 0]",64
20,"[0, 1]",89.49999999999706,"[19, 19]","[0, 0]","[0, 0]",64
21,"[0, 1]",95.04999999999674,"[20, 39]","[2.3999999999999995, 0]","[2.3999999999999995, 0]",64
22,"[0, 1]",95.49999999999672,"[21, 21]","[0, 0]","[0, 0]",64
23,"[0, 1]",101.34999999999638,"[22, 43]","[2.3999999999999995, 0]","[2.3999999999999995, 0]",64
24,"[0, 1]",107.54999999999603,"[23, 48]","[2.7499999999999982, 0]","[2.7499999999999982, 0]",64
25,"[0, 1]",106.94999999999607,"[24, 24]","[0, 0]","[0, 0]",64
26,"[0, 1]",112.39999999999576,"[25, 49]","[2.499999999999999, 0]","[2.499999999999999, 0]",64
27,"[0, 1]",112.74999999999574,"[26, 26]","[0, 0]","[0, 0]",64
28,"[0, 1]",113.69999999999568,"[27, 27]","[0, 0]","[0, 0]",64
29,"[2, 1]",67.24999999999832,"[13, 16]","[10.15000000000001, 0]","[0, 0]",64
30,"[0, 1]",119.14999999999537,"[28, 78]","[2.3999999999999995, 0]","[2.3999999999999995, 0]",64
31,"[0, 1]",119.59999999999535,"[30, 30]","[0, 0]","[0, 0]",64
32,"[0, 3]",150.39999999999995,"[31, 65]","[0, 0]","[0, 0]",64
33,"[2, 1]",72.59999999999802,"[29, 17]","[15.350000000000083, 0]","[0, 0]",64
34,"[0, 3]",152.8000000000005,"[32, 32]","[0, 0]","[0, 0]",64
35,"[2, 3]",104.84999999999619,"[33, 18]","[13.00000000000005, 0]","[0, 0]",64
36,"[0, 1]",124.29999999999508,"[34, 31]","[0, 0]","[0, 0]",64
37,"[0, 1]",125.44999999999501,"[36, 36]","[0, 0]","[0, 0]",64
38,"[0, 1]",126.49999999999496,"[37, 37]","[0, 0]","[0, 0]",64
39,"[2, 1]",81.09999999999754,"[35, 20]","[11.300000000000026, 0]","[0, 0]",64
40,"[0, 1]",127.5499999999949,"[38, 38]","[0, 0]","[0, 0]",64
41,"[0, 1]",128.54999999999498,"[40, 40]","[0, 0]","[0, 0]",64
42,"[0, 1]",129.59999999999522,"[41, 41]","[0, 0]","[0, 0]",64
43,"[2, 1]",92.14999999999691,"[39, 22]","[12.600000000000044, 0]","[2.799999999999998, 0]",64
44,"[0, 1]",130.59999999999545,"[42, 42]","[0, 0]","[0, 0]",64
45,"[0, 1]",131.64999999999569,"[44, 44]","[0, 0]","[0, 0]",64
46,"[0, 1]",132.74999999999594,"[45, 45]","[0, 0]","[0, 0]",64
47,"[0, 1]",133.74999999999616,"[46, 46]","[0, 0]","[0, 0]",64
48,"[2, 1]",97.04999999999663,"[43, 23]","[8.349999999999984, 0]","[0, 0]",64
49,"[2, 1]",107.89999999999601,"[48, 25]","[9.199999999999996, 0]","[2.3, 0]",64
50,"[2, 3]",136.64999999999682,"[49, -999]","[5.899999999999987, 0]","[0, 0]",64
51,"[0, 1]",134.7999999999964,"[47, 47]","[0, 0]","[0, 0]",64
52,"[0, 1]",135.79999999999663,"[51, 51]","[1.0500000000000003, 0]","[0, 0]",64
53,"[0, 1]",136.84999999999687,"[52, 52]","[2.3999999999999995, 0]","[0, 0]",64
54,"[0, 1]",137.8499999999971,"[53, 53]","[3.349999999999996, 0]","[0, 0]",64
55,"[0, 1]",138.84999999999732,"[54, 54]","[4.199999999999993, 0]","[0, 0]",64
56,"[0, 1]",139.79999999999754,"[55, 55]","[4.749999999999991, 0]","[0, 0]",64
57,"[0, 1]",140.69999999999774,"[56, 56]","[4.749999999999991, 0]","[0, 0]",64
58,"[0, 1]",141.4499999999979,"[57, 57]","[3.899999999999994, 0]","[0, 0]",64
59,"[0, 1]",136.69999999999683,"[58, 58]","[3.7999999999999945, 0]","[0, 0]",64
60,"[0, 3]",166.25000000000355,"[59, -999]","[3.899999999999994, 0]","[0, 0]",64
61,"[0, 1]",135.1999999999965,"[60, 59]","[3.899999999999994, 0]","[0, 0]",64
62,"[0, 3]",161.30000000000243,"[61, 60]","[3.899999999999994, 0]","[0, 0]",64
63,"[0, 1]",132.84999999999596,"[62, 61]","[3.2499999999999964, 0]","[0, 0]",64
64,"[0, 1]",125.649999999995,"[63, 63]","[0, 0]","[0, 0]",64
65,"[2, 3]",139.99999999999758,"[50, 50]","[5.349999999999989, 0]","[0, 0]",64
66,"[0, 1]",125.99999999999498,"[64, 64]","[0, 0]","[0, 0]",64
67,"[0, 1]",126.79999999999494,"[66, 66]","[0, 0]","[0, 0]",64
68,"[0, 1]",127.4499999999949,"[67, 67]","[0, 0]","[0, 0]",64
69,"[0, 1]",127.79999999999488,"[68, 68]","[0, 0]","[0, 0]",64
70,"[0, 1]",128.1499999999949,"[69, 69]","[0, 0]","[0, 0]",64
71,"[0, 1]",128.69999999999501,"[70, 70]","[0, 0]","[0, 0]",64
72,"[0, 1]",129.4999999999952,"[71, 71]","[0, 0]","[0, 0]",64
73,"[0, 1]",130.19999999999536,"[72, 72]","[0, 0]","[0, 0]",64
74,"[0, 3]",160.65000000000228,"[73, -999]","[0, 0]","[0, 0]",64
75,"[0, 1]",132.5499999999959,"[74, 73]","[0, 0]","[0, 0]",64
76,"[0, 1]",132.6499999999959,"[75, 75]","[0, 0]","[0, 0]",64
77,"[0, 1]",132.84999999999596,"[76, 76]","[0, 0]","[0, 0]",64
78,"[2, 1]",109.64999999999591,"[65, 28]","[1.6000000000000008, 0]","[0, 0]",64
79,"[0, 3]",162.9000000000028,"[77, 74]","[0, 0]","[0, 0]",64
0,"[2, 1]",36.40000000000007,"[-999, -999]","[0, 0]","[0, 0]",65
1,"[2, 3]",68.49999999999825,"[0, -999]","[0, 0]","[0, 0]",65
2,"[2, 1]",37.30000000000002,"[1, 0]","[0, 0]","[0, 0]",65
3,"[2, 1]",39.04999999999992,"[2, 2]","[0, 0]","[0, 0]",65
4,"[2, 1]",40.99999999999981,"[3, 3]","[0, 0]","[0, 0]",65
5,"[2, 1]",42.74999999999971,"[4, 4]","[0, 0]","[0, 0]",65
6,"[2, 1]",44.34999999999962,"[5, 5]","[0, 0]","[0, 0]",65
7,"[2, 1]",45.74999999999954,"[6, 6]","[0, 0]","[0, 0]",65
8,"[2, 1]",46.99999999999947,"[7, 7]","[0, 0]","[0, 0]",65
9,"[2, 1]",47.899999999999416,"[8, 8]","[0, 0]","[0, 0]",65
10,"[2, 1]",63.949999999998504,"[9, 16]","[10.050000000000008, 0]","[10.050000000000008, 0]",65
11,"[2, 1]",73.99999999999794,"[10, 18]","[3.049999999999997, 0]","[3.049999999999997, 0]",65
12,"[2, 1]",78.79999999999767,"[11, 21]","[0, 0]","[0, 0]",65
13,"[2, 1]",84.39999999999735,"[12, 22]","[25.950000000000234, 0]","[0, 0]",65
14,"[0, 1]",69.94999999999817,"[-999, 9]","[0, 0]","[0, 0]",65
15,"[0, 1]",71.04999999999811,"[14, 14]","[0, 0]","[0, 0]",65
16,"[0, 1]",71.54999999999808,"[15, 15]","[0, 0]","[0, 0]",65
17,"[0, 1]",78.39999999999769,"[16, 10]","[0.7500000000000001, 0]","[0.7500000000000001, 0]",65
18,"[0, 1]",77.74999999999773,"[17, 17]","[0, 0]","[0, 0]",65
19,"[2, 3]",115.1999999999956,"[13, -999]","[38.44999999999995, 0]","[0.05, 0]",65
20,"[2, 1]",89.99999999999703,"[19, 24]","[36.10000000000009, 0]","[0, 0]",65
21,"[0, 1]",83.29999999999741,"[18, 11]","[2.499999999999999, 0]","[2.499999999999999, 0]",65
22,"[0, 1]",88.59999999999711,"[21, 12]","[2.6499999999999986, 0]","[2.6499999999999986, 0]",65
23,"[0, 1]",94.64999999999677,"[22, 13]","[2.2, 0]","[2.2, 0]",65
24,"[0, 1]",94.0999999999968,"[23, 23]","[0, 0]","[0, 0]",65
25,"[0, 3]",124.14999999999509,"[24, 19]","[0, 0]","[0, 0]",65
26,"[0, 1]",95.8499999999967,"[25, 20]","[0.9000000000000002, 0]","[0, 0]",65
27,"[2, 1]",108.69999999999597,"[20, 29]","[44.049999999999635, 0]","[9.650000000000002, 0]",65
28,"[0, 1]",96.94999999999663,"[26, 26]","[1.5000000000000007, 0]","[0, 0]",65
29,"[0, 1]",98.04999999999657,"[28, 28]","[2.2, 0]","[0, 0]",65
30,"[2, 1]",113.54999999999569,"[27, 31]","[32.85000000000027, 0]","[0, 0]",65
31,"[0, 1]",103.94999999999624,"[29, 27]","[5.749999999999988, 0]","[2.4499999999999993, 0]",65
32,"[0, 1]",109.9499999999959,"[31, 30]","[6.149999999999986, 0]","[2.8999999999999977, 0]",65
33,"[0, 1]",109.54999999999592,"[32, 32]","[2.799999999999998, 0]","[0, 0]",65
34,"[2, 3]",144.0499999999985,"[30, 25]","[31.30000000000031, 0]","[0, 0]",65
35,"[2, 1]",119.69999999999534,"[34, 33]","[29.85000000000029, 0]","[0, 0]",65
36,"[2, 1]",131.2999999999956,"[35, 40]","[31.20000000000031, 0]","[2.849999999999998, 0]",65
37,"[0, 1]",114.69999999999563,"[33, 35]","[4.6499999999999915, 0]","[2.3999999999999995, 0]",65
38,"[2, 1]",136.19999999999672,"[36, 42]","[26.900000000000247, 0]","[0, 0]",65
39,"[2, 1]",141.799999999998,"[38, 44]","[25.450000000000227, 0]","[0, 0]",65
40,"[0, 1]",115.1499999999956,"[37, 37]","[1.7000000000000008, 0]","[0, 0]",65
41,"[2, 1]",158.75000000000185,"[39, 49]","[35.050000000000146, 0]","[9.900000000000006, 0]",65
42,"[0, 1]",121.04999999999526,"[40, 36]","[3.699999999999995, 0]","[2.549999999999999, 0]",65
43,"[2, 1]",158.65000000000182,"[41, 41]","[25.60000000000023, 0]","[0, 0]",65
44,"[0, 1]",126.39999999999496,"[42, 38]","[3.099999999999997, 0]","[2.6999999999999984, 0]",65
45,"[0, 3]",156.05000000000123,"[44, 34]","[0, 0]","[0, 0]",65
46,"[0, 1]",127.4499999999949,"[45, 39]","[0, 0]","[0, 0]",65
47,"[0, 1]",128.1999999999949,"[46, 46]","[0, 0]","[0, 0]",65
48,"[2, 1]",176.85000000000596,"[43, 53]","[36.300000000000075, 0]","[9.850000000000005, 0]",65
49,"[0, 1]",129.34999999999516,"[47, 47]","[0, 0]","[0, 0]",65
50,"[0, 3]",160.45000000000223,"[49, 45]","[0, 0]","[0, 0]",65
51,"[0, 1]",137.29999999999697,"[50, 43]","[2.7499999999999982, 0]","[2.7499999999999982, 0]",65
52,"[0, 1]",137.69999999999706,"[51, 51]","[0, 0]","[0, 0]",65
53,"[0, 1]",138.6999999999973,"[52, 52]","[0, 0]","[0, 0]",65
54,"[0, 1]",145.14999999999876,"[53, 48]","[2.549999999999999, 0]","[2.549999999999999, 0]",65
55,"[0, 1]",151.15000000000012,"[54, 66]","[2.0500000000000007, 0]","[2.0500000000000007, 0]",65
56,"[0, 1]",150.54999999999998,"[55, 55]","[0, 0]","[0, 0]",65
57,"[0, 1]",151.20000000000013,"[56, 56]","[0, 0]","[0, 0]",65
58,"[0, 1]",152.20000000000036,"[57, 57]","[0, 0]","[0, 0]",65
59,"[0, 1]",153.20000000000059,"[58, 58]","[0, 0]","[0, 0]",65
60,"[0, 1]",154.30000000000084,"[59, 59]","[0.35, 0]","[0, 0]",65
61,"[0, 1]",155.30000000000106,"[60, 60]","[1.2000000000000004, 0]","[0, 0]",65
62,"[0, 1]",156.3500000000013,"[61, 61]","[1.6500000000000008, 0]","[0, 0]",65
63,"[0, 1]",157.30000000000152,"[62, 62]","[2.4499999999999993, 0]","[0, 0]",65
64,"[0, 1]",158.20000000000172,"[63, 63]","[3.149999999999997, 0]","[0, 0]",65
65,"[0, 1]",159.05000000000192,"[64, 64]","[5.04999999999999, 0]","[0, 0]",65
66,"[2, 1]",182.05000000000715,"[48, 54]","[27.350000000000254, 0]","[0, 0]",65
67,"[0, 1]",159.65000000000205,"[65, 65]","[4.99999999999999, 0]","[0, 0]",65
68,"[0, 1]",154.05000000000078,"[67, 67]","[4.899999999999991, 0]","[0, 0]",65
69,"[0, 1]",150.70000000000002,"[68, 68]","[5.04999999999999, 0]","[0, 0]",65
70,"[0, 3]",179.6000000000066,"[69, -999]","[4.549999999999992, 0]","[0, 0]",65
71,"[0, 1]",145.89999999999893,"[70, 69]","[3.349999999999996, 0]","[0, 0]",65
72,"[0, 1]",139.94999999999757,"[71, 71]","[1.3500000000000005, 0]","[0, 0]",65
73,"[0, 1]",139.84999999999755,"[72, 72]","[1.0000000000000002, 0]","[0, 0]",65
74,"[0, 1]",134.89999999999642,"[73, 73]","[1.2000000000000004, 0]","[0, 0]",65
75,"[0, 1]",135.39999999999654,"[74, 74]","[1.6000000000000008, 0]","[0, 0]",65
76,"[0, 1]",136.34999999999675,"[75, 75]","[1.950000000000001, 0]","[0, 0]",65
77,"[0, 1]",137.34999999999698,"[76, 76]","[2.2, 0]","[0, 0]",65
78,"[2, 3]",212.30000000001402,"[66, 50]","[27.05000000000025, 0]","[0, 0]",65
79,"[0, 1]",138.09999999999715,"[77, 77]","[2.4499999999999993, 0]","[0, 0]",65
0,"[2, 3]",67.7499999999983,"[-999, -999]","[0, 0]","[0, 0]",66
1,"[2, 1]",37.15000000000003,"[0, -999]","[0, 0]","[0, 0]",66
2,"[2, 1]",38.89999999999993,"[1, 1]","[0, 0]","[0, 0]",66
3,"[2, 1]",40.74999999999982,"[2, 2]","[0, 0]","[0, 0]",66
4,"[0, 1]",77.34999999999775,"[-999, 9]","[0, 0]","[2.1000000000000005, 0]",66
5,"[2, 1]",42.54999999999972,"[3, 3]","[0, 0]","[0, 0]",66
6,"[2, 1]",44.09999999999963,"[5, 5]","[0, 0]","[0, 0]",66
7,"[2, 1]",45.54999999999955,"[6, 6]","[0, 0]","[0, 0]",66
8,"[2, 1]",46.849999999999476,"[7, 7]","[0, 0]","[0, 0]",66
9,"[2, 1]",47.64999999999943,"[8, 8]","[0, 0]","[0, 0]",66
10,"[2, 1]",53.79999999999908,"[9, 4]","[3.349999999999996, 0]","[3.349999999999996, 0]",66
11,"[2, 1]",66.09999999999839,"[10, 15]","[8.249999999999982, 0]","[5.349999999999989, 0]",66
12,"[0, 3]",101.84999999999636,"[4, 0]","[0, 0]","[0, 0]",66
13,"[2, 1]",70.99999999999811,"[11, 16]","[17.750000000000117, 0]","[1.3000000000000005, 0]",66
14,"[0, 1]",74.54999999999791,"[12, 10]","[0, 0]","[0, 0]",66
15,"[0, 1]",75.74999999999784,"[14, 14]","[0, 0]","[0, 0]",66
16,"[0, 1]",81.6999999999975,"[15, 11]","[2.3499999999999996, 0]","[2.3499999999999996, 0]",66
17,"[0, 1]",86.64999999999722,"[16, 13]","[2.549999999999999, 0]","[2.549999999999999, 0]",66
18,"[0, 3]",116.59999999999552,"[17, 12]","[0, 0]","[0, 0]",66
19,"[0, 3]",118.94999999999538,"[18, 18]","[0, 0]","[0, 0]",66
20,"[2, 1]",76.29999999999781,"[13, 17]","[18.800000000000132, 0]","[0, 0]",66
21,"[0, 1]",88.39999999999712,"[19, 23]","[0, 0]","[0, 0]",66
22,"[0, 1]",94.0499999999968,"[21, 27]","[2.499999999999999, 0]","[2.499999999999999, 0]",66
23,"[2, 1]",76.04999999999782,"[20, 20]","[23.950000000000205, 0]","[0, 0]",66
24,"[0, 1]",99.1999999999965,"[22, 29]","[2.549999999999999, 0]","[2.549999999999999, 0]",66
25,"[0, 1]",105.34999999999616,"[24, 30]","[2.6999999999999984, 0]","[2.6999999999999984, 0]",66
26,"[0, 1]",110.44999999999587,"[25, 32]","[2.3499999999999996, 0]","[2.3499999999999996, 0]",66
27,"[2, 1]",83.64999999999739,"[23, 21]","[21.600000000000172, 0]","[0, 0]",66
28,"[0, 1]",115.54999999999558,"[26, 33]","[2.3999999999999995, 0]","[2.3999999999999995, 0]",66
29,"[2, 1]",89.04999999999708,"[27, 22]","[19.900000000000148, 0]","[0, 0]",66
30,"[2, 1]",94.54999999999677,"[29, 24]","[18.350000000000126, 0]","[0, 0]",66
31,"[0, 1]",120.59999999999529,"[28, 34]","[2.549999999999999, 0]","[2.549999999999999, 0]",66
32,"[2, 1]",99.59999999999648,"[30, 25]","[16.950000000000106, 0]","[0, 0]",66
33,"[2, 1]",105.04999999999617,"[32, 26]","[15.450000000000085, 0]","[0, 0]",66
34,"[2, 1]",110.54999999999586,"[33, 28]","[14.050000000000065, 0]","[0, 0]",66
35,"[0, 1]",125.699999999995,"[31, 39]","[2.3499999999999996, 0]","[2.3499999999999996, 0]",66
36,"[0, 1]",125.09999999999503,"[35, 35]","[0, 0]","[0, 0]",66
37,"[0, 1]",131.84999999999573,"[36, 43]","[2.799999999999998, 0]","[2.799999999999998, 0]",66
38,"[0, 1]",131.2999999999956,"[37, 37]","[0, 0]","[0, 0]",66
39,"[2, 1]",116.04999999999555,"[34, 31]","[12.650000000000045, 0]","[0, 0]",66
40,"[0, 1]",136.69999999999683,"[38, 45]","[2.499999999999999, 0]","[2.499999999999999, 0]",66
41,"[0, 1]",142.99999999999827,"[40, 47]","[2.25, 0]","[2.25, 0]",66
42,"[2, 3]",146.89999999999915,"[39, -999]","[11.200000000000024, 0]","[0, 0]",66
43,"[2, 1]",121.89999999999522,"[42, 36]","[9.800000000000004, 0]","[0, 0]",66
44,"[0, 1]",148.14999999999944,"[41, 48]","[2.3499999999999996, 0]","[2.3499999999999996, 0]",66
45,"[2, 1]",134.2999999999963,"[43, 38]","[10.700000000000017, 0]","[2.3499999999999996, 0]",66
46,"[0, 1]",147.4999999999993,"[44, 44]","[0, 0]","[0, 0]",66
47,"[2, 1]",139.2499999999974,"[45, 40]","[6.999999999999983, 0]","[0, 0]",66
48,"[2, 1]",144.4999999999986,"[47, 41]","[6.949999999999983, 0]","[0, 0]",66
49,"[2, 3]",175.2500000000056,"[48, 42]","[6.5999999999999845, 0]","[0, 0]",66
50,"[0, 1]",147.9999999999994,"[46, 46]","[0, 0]","[0, 0]",66
51,"[0, 1]",153.90000000000074,"[50, 52]","[2.549999999999999, 0]","[2.549999999999999, 0]",66
52,"[2, 1]",157.10000000000147,"[49, 50]","[9.850000000000005, 0]","[2.3499999999999996, 0]",66
53,"[2, 1]",161.95000000000258,"[52, 51]","[8.899999999999991, 0]","[0, 0]",66
54,"[0, 1]",159.70000000000206,"[51, 53]","[2.849999999999998, 0]","[2.849999999999998, 0]",66
55,"[0, 1]",165.40000000000336,"[54, 58]","[2.25, 0]","[2.25, 0]",66
56,"[0, 1]",170.4500000000045,"[55, 60]","[2.3499999999999996, 0]","[2.3499999999999996, 0]",66
57,"[0, 1]",169.9500000000044,"[56, 56]","[0, 0]","[0, 0]",66
58,"[2, 1]",167.55000000000385,"[53, 54]","[9.149999999999995, 0]","[0, 0]",66
59,"[0, 1]",170.55000000000453,"[57, 57]","[0, 0]","[0, 0]",66
60,"[2, 1]",172.90000000000506,"[58, 55]","[10.25000000000001, 0]","[0, 0]",66
61,"[0, 1]",175.80000000000572,"[59, 78]","[2.3999999999999995, 0]","[2.3999999999999995, 0]",66
62,"[2, 3]",203.50000000001202,"[60, 49]","[12.650000000000045, 0]","[0, 0]",66
63,"[0, 1]",176.40000000000586,"[61, 61]","[0, 0]","[0, 0]",66
64,"[0, 1]",177.35000000000608,"[63, 63]","[0, 0]","[0, 0]",66
65,"[0, 1]",178.3500000000063,"[64, 64]","[0, 0]","[0, 0]",66
66,"[2, 3]",206.80000000001277,"[62, 62]","[17.400000000000112, 0]","[0, 0]",66
67,"[0, 1]",179.40000000000654,"[65, 65]","[0.7000000000000001, 0]","[0, 0]",66
68,"[0, 1]",180.40000000000677,"[67, 67]","[0.9500000000000003, 0]","[0, 0]",66
69,"[0, 3]",211.40000000001382,"[68, 66]","[1.2000000000000004, 0]","[0, 0]",66
70,"[0, 1]",183.95000000000758,"[69, 68]","[1.3500000000000005, 0]","[0, 0]",66
71,"[0, 1]",184.4500000000077,"[70, 70]","[1.5500000000000007, 0]","[0, 0]",66
72,"[0, 1]",180.5000000000068,"[71, 71]","[1.7000000000000008, 0]","[0, 0]",66
73,"[0, 1]",177.9500000000062,"[72, 72]","[1.800000000000001, 0]","[0, 0]",66
74,"[0, 3]",203.30000000001198,"[73, 69]","[2.000000000000001, 0]","[0, 0]",66
75,"[0, 1]",170.9000000000046,"[74, 73]","[2.1000000000000005, 0]","[0, 0]",66
76,"[0, 1]",167.50000000000384,"[75, 75]","[2.6999999999999984, 0]","[0, 0]",66
77,"[0, 1]",165.30000000000334,"[76, 76]","[3.2499999999999964, 0]","[0, 0]",66
78,"[2, 1]",180.80000000000686,"[66, 59]","[21.100000000000165, 0]","[0, 0]",66
79,"[0, 3]",188.25000000000855,"[77, 74]","[1.1500000000000004, 0]","[0, 0]",66
0,"[2, 1]",36.40000000000007,"[-999, -999]","[0, 0]","[0, 0]",67
1,"[2, 1]",38.09999999999997,"[0, 0]","[0, 0]","[0, 0]",67
2,"[2, 1]",39.89999999999987,"[1, 1]","[0, 0]","[0, 0]",67
3,"[2, 1]",41.79999999999976,"[2, 2]","[0, 0]","[0, 0]",67
4,"[2, 1]",43.54999999999966,"[3, 3]","[0, 0]","[0, 0]",67
5,"[2, 1]",45.04999999999958,"[4, 4]","[0, 0]","[0, 0]",67
6,"[2, 1]",46.349999999999504,"[5, 5]","[0, 0]","[0, 0]",67
7,"[2, 1]",47.34999999999945,"[6, 6]","[0, 0]","[0, 0]",67
8,"[2, 1]",48.49999999999938,"[7, 7]","[0, 0]","[0, 0]",67
9,"[2, 1]",69.99999999999817,"[8, 16]","[13.250000000000053, 0]","[13.250000000000053, 0]",67
10,"[2, 1]",73.99999999999794,"[9, 17]","[0, 0]","[0, 0]",67
11,"[2, 1]",79.69999999999762,"[10, 21]","[0, 0]","[0, 0]",67
12,"[0, 1]",68.94999999999823,"[-999, 8]","[0, 0]","[0, 0]",67
13,"[2, 1]",85.2499999999973,"[11, 23]","[28.000000000000263, 0]","[0, 0]",67
14,"[0, 1]",70.39999999999814,"[12, 12]","[0, 0]","[0, 0]",67
15,"[0, 1]",71.34999999999809,"[14, 14]","[0, 0]","[0, 0]",67
16,"[0, 1]",72.04999999999805,"[15, 15]","[0, 0]","[0, 0]",67
17,"[0, 1]",78.74999999999767,"[16, 9]","[1.1500000000000004, 0]","[1.1500000000000004, 0]",67
18,"[2, 3]",114.64999999999563,"[13, -999]","[30.750000000000302, 0]","[0, 0]",67
19,"[2, 1]",87.29999999999718,"[18, 24]","[28.50000000000027, 0]","[0, 0]",67
20,"[2, 1]",101.0499999999964,"[19, 28]","[29.600000000000286, 0]","[2.6999999999999984, 0]",67
21,"[0, 1]",83.89999999999738,"[17, 10]","[2.1000000000000005, 0]","[2.1000000000000005, 0]",67
22,"[2, 1]",105.99999999999612,"[20, 31]","[25.350000000000225, 0]","[0, 0]",67
23,"[0, 1]",89.04999999999708,"[21, 11]","[2.2, 0]","[2.2, 0]",67
24,"[0, 1]",94.19999999999679,"[23, 13]","[2.3999999999999995, 0]","[2.3999999999999995, 0]",67
25,"[0, 3]",124.24999999999508,"[24, 18]","[2.5999999999999988, 0]","[2.5999999999999988, 0]",67
26,"[0, 1]",96.44999999999666,"[25, 19]","[0, 0]","[0, 0]",67
27,"[2, 1]",111.14999999999583,"[22, 34]","[23.850000000000204, 0]","[0, 0]",67
28,"[0, 1]",96.84999999999664,"[26, 26]","[0, 0]","[0, 0]",67
29,"[2, 3]",142.2999999999981,"[27, 25]","[22.350000000000183, 0]","[0, 0]",67
30,"[2, 1]",123.9499999999951,"[29, 39]","[25.400000000000226, 0]","[2.5999999999999988, 0]",67
31,"[0, 1]",102.69999999999631,"[28, 20]","[2.3999999999999995, 0]","[2.3999999999999995, 0]",67
32,"[2, 1]",134.49999999999633,"[30, 41]","[24.800000000000217, 0]","[2.849999999999998, 0]",67
33,"[2, 1]",139.44999999999746,"[32, 42]","[20.70000000000016, 0]","[0, 0]",67
34,"[0, 1]",109.04999999999595,"[31, 22]","[2.3999999999999995, 0]","[2.3999999999999995, 0]",67
35,"[0, 1]",114.09999999999566,"[34, 27]","[2.549999999999999, 0]","[2.549999999999999, 0]",67
36,"[2, 1]",144.4999999999986,"[33, 43]","[19.40000000000014, 0]","[0, 0]",67
37,"[0, 1]",113.4999999999957,"[35, 35]","[0, 0]","[0, 0]",67
38,"[2, 3]",174.90000000000552,"[36, -999]","[18.350000000000126, 0]","[0, 0]",67
39,"[0, 1]",114.14999999999566,"[37, 37]","[0, 0]","[0, 0]",67
40,"[0, 1]",119.99999999999532,"[39, 30]","[2.3999999999999995, 0]","[2.3999999999999995, 0]",67
41,"[0, 1]",120.3999999999953,"[40, 40]","[0, 0]","[0, 0]",67
42,"[0, 1]",126.24999999999497,"[41, 32]","[2.549999999999999, 0]","[2.549999999999999, 0]",67
43,"[0, 1]",132.34999999999584,"[42, 33]","[2.499999999999999, 0]","[2.499999999999999, 0]",67
44,"[0, 1]",137.49999999999702,"[43, 36]","[2.25, 0]","[2.25, 0]",67
45,"[0, 3]",168.45000000000405,"[44, 38]","[0, 0]","[0, 0]",67
46,"[0, 1]",140.9499999999978,"[45, 47]","[0, 0]","[0, 0]",67
47,"[2, 1]",147.34999999999926,"[38, 44]","[18.70000000000013, 0]","[0, 0]",67
48,"[0, 1]",141.19999999999786,"[46, 46]","[0.9000000000000002, 0]","[0, 0]",67
49,"[2, 3]",181.05000000000692,"[47, 45]","[20.250000000000153, 0]","[0, 0]",67
50,"[0, 1]",146.49999999999906,"[48, 51]","[3.699999999999995, 0]","[2.4499999999999993, 0]",67
51,"[2, 1]",156.50000000000134,"[49, 48]","[20.450000000000156, 0]","[0, 0]",67
52,"[0, 1]",147.0499999999992,"[50, 50]","[1.7000000000000008, 0]","[0, 0]",67
53,"[0, 1]",152.4000000000004,"[52, 55]","[4.549999999999992, 0]","[2.499999999999999, 0]",67
54,"[2, 3]",187.1000000000083,"[51, 49]","[19.750000000000146, 0]","[0, 0]",67
55,"[2, 1]",163.30000000000288,"[54, 52]","[31.050000000000306, 0]","[0, 0]",67
56,"[0, 1]",152.95000000000053,"[53, 53]","[2.4499999999999993, 0]","[0, 0]",67
57,"[0, 1]",158.30000000000175,"[56, 61]","[5.349999999999989, 0]","[2.549999999999999, 0]",67
58,"[2, 3]",193.40000000000973,"[55, 54]","[35.450000000000124, 0]","[0, 0]",67
59,"[0, 1]",158.80000000000186,"[57, 57]","[3.149999999999997, 0]","[0, 0]",67
60,"[0, 1]",159.75000000000207,"[59, 59]","[3.4499999999999957, 0]","[0, 0]",67
61,"[2, 1]",169.90000000000438,"[58, 56]","[38.14999999999997, 0]","[0, 0]",67
62,"[0, 1]",160.8000000000023,"[60, 60]","[3.7499999999999947, 0]","[0, 0]",67
63,"[0, 1]",161.75000000000253,"[62, 62]","[4.049999999999994, 0]","[0, 0]",67
64,"[0, 1]",162.80000000000277,"[63, 63]","[4.299999999999993, 0]","[0, 0]",67
65,"[0, 1]",163.850000000003,"[64, 64]","[4.499999999999992, 0]","[0, 0]",67
66,"[0, 3]",194.70000000001002,"[65, 76]","[5.449999999999989, 0]","[0, 0]",67
67,"[0, 1]",167.45000000000383,"[66, 65]","[5.899999999999987, 0]","[0, 0]",67
68,"[0, 1]",168.50000000000406,"[67, 67]","[6.199999999999986, 0]","[0, 0]",67
69,"[0, 1]",169.20000000000422,"[68, 68]","[6.749999999999984, 0]","[0, 0]",67
70,"[0, 1]",165.40000000000336,"[69, 69]","[7.549999999999981, 0]","[0, 0]",67
71,"[0, 1]",159.95000000000212,"[70, 70]","[6.849999999999984, 0]","[0, 0]",67
72,"[0, 1]",159.35000000000198,"[71, 71]","[7.099999999999983, 0]","[0, 0]",67
73,"[0, 1]",156.8000000000014,"[72, 72]","[7.149999999999983, 0]","[0, 0]",67
74,"[0, 1]",156.90000000000143,"[73, 73]","[6.399999999999985, 0]","[0, 0]",67
75,"[0, 1]",151.20000000000013,"[74, 74]","[4.99999999999999, 0]","[0, 0]",67
76,"[2, 3]",200.40000000001132,"[61, 58]","[39.69999999999988, 0]","[0, 0]",67
77,"[0, 1]",151.35000000000016,"[75, 75]","[3.7999999999999945, 0]","[0, 0]",67
78,"[0, 3]",172.50000000000497,"[77, -999]","[0, 0]","[0, 0]",67
79,"[0, 1]",144.09999999999852,"[78, 77]","[0, 0]","[0, 0]",67
0,"[2, 1]",36.40000000000007,"[-999, -999]","[0, 0]","[0, 0]",68
1,"[2, 1]",38.09999999999997,"[0, 0]","[0, 0]","[0, 0]",68
2,"[2, 1]",39.89999999999987,"[1, 1]","[0, 0]","[0, 0]",68
3,"[2, 1]",41.79999999999976,"[2, 2]","[0, 0]","[0, 0]",68
4,"[2, 1]",43.54999999999966,"[3, 3]","[0, 0]","[0, 0]",68
5,"[2, 1]",45.04999999999958,"[4, 4]","[0, 0]","[0, 0]",68
6,"[2, 1]",46.349999999999504,"[5, 5]","[0, 0]","[0, 0]",68
7,"[2, 1]",47.399999999999444,"[6, 6]","[0, 0]","[0, 0]",68
8,"[2, 1]",48.449999999999385,"[7, 7]","[0, 0]","[0, 0]",68
9,"[2, 1]",69.99999999999817,"[8, 16]","[13.250000000000053, 0]","[13.250000000000053, 0]",68
10,"[2, 1]",74.04999999999794,"[9, 17]","[0, 0]","[0, 0]",68
11,"[2, 1]",79.69999999999762,"[10, 20]","[0, 0]","[0, 0]",68
12,"[0, 1]",68.84999999999823,"[-999, 8]","[0, 0]","[0, 0]",68
13,"[2, 1]",85.1499999999973,"[11, 21]","[28.000000000000263, 0]","[0, 0]",68
14,"[0, 1]",70.39999999999814,"[12, 12]","[0, 0]","[0, 0]",68
15,"[0, 1]",71.34999999999809,"[14, 14]","[0, 0]","[0, 0]",68
16,"[0, 1]",72.04999999999805,"[15, 15]","[0, 0]","[0, 0]",68
17,"[0, 1]",78.69999999999767,"[16, 9]","[1.4000000000000006, 0]","[1.4000000000000006, 0]",68
18,"[2, 1]",90.599999999997,"[13, 22]","[33.25000000000025, 0]","[0, 0]",68
19,"[2, 3]",120.09999999999532,"[18, -999]","[30.900000000000304, 0]","[0, 0]",68
20,"[0, 1]",83.89999999999738,"[17, 10]","[2.3, 0]","[2.3, 0]",68
21,"[0, 1]",88.99999999999709,"[20, 11]","[2.3499999999999996, 0]","[2.3499999999999996, 0]",68
22,"[0, 1]",94.0999999999968,"[21, 13]","[2.4499999999999993, 0]","[2.4499999999999993, 0]",68
23,"[2, 1]",96.89999999999664,"[19, 26]","[29.20000000000028, 0]","[0, 0]",68
24,"[0, 1]",99.1999999999965,"[22, 18]","[2.3499999999999996, 0]","[2.3499999999999996, 0]",68
25,"[2, 1]",102.8499999999963,"[23, 27]","[27.70000000000026, 0]","[0, 0]",68
26,"[0, 1]",98.54999999999654,"[24, 24]","[0, 0]","[0, 0]",68
27,"[0, 1]",103.44999999999627,"[26, 23]","[2.3999999999999995, 0]","[2.3999999999999995, 0]",68
28,"[0, 1]",109.19999999999594,"[27, 25]","[2.6999999999999984, 0]","[2.6999999999999984, 0]",68
29,"[2, 3]",132.49999999999588,"[25, 19]","[26.250000000000238, 0]","[0, 0]",68
30,"[2, 1]",109.19999999999594,"[29, 31]","[24.800000000000217, 0]","[0, 0]",68
31,"[0, 1]",109.24999999999594,"[28, 28]","[0, 0]","[0, 0]",68
32,"[2, 1]",115.0499999999956,"[30, 33]","[23.400000000000198, 0]","[0, 0]",68
33,"[0, 1]",114.39999999999564,"[31, 30]","[2.4499999999999993, 0]","[2.4499999999999993, 0]",68
34,"[0, 1]",120.94999999999527,"[33, 32]","[2.2, 0]","[2.2, 0]",68
35,"[2, 1]",120.29999999999531,"[32, 34]","[22.000000000000178, 0]","[0, 0]",68
36,"[0, 1]",125.99999999999498,"[34, 35]","[2.499999999999999, 0]","[2.499999999999999, 0]",68
37,"[0, 1]",131.09999999999556,"[36, 38]","[2.4499999999999993, 0]","[2.4499999999999993, 0]",68
38,"[2, 1]",125.799999999995,"[35, 36]","[20.550000000000157, 0]","[0, 0]",68
39,"[0, 3]",159.55000000000203,"[37, 29]","[0, 0]","[0, 0]",68
40,"[0, 1]",130.8499999999955,"[39, 45]","[0.6, 0]","[0, 0]",68
41,"[0, 1]",137.8499999999971,"[40, 54]","[3.349999999999996, 0]","[2.1500000000000004, 0]",68
42,"[0, 1]",137.24999999999696,"[41, 41]","[1.4000000000000006, 0]","[0, 0]",68
43,"[0, 1]",137.8999999999971,"[42, 42]","[1.5000000000000007, 0]","[0, 0]",68
44,"[0, 1]",138.89999999999733,"[43, 43]","[1.5500000000000007, 0]","[0, 0]",68
45,"[2, 1]",131.2499999999956,"[38, 37]","[19.150000000000137, 0]","[0, 0]",68
46,"[0, 1]",139.94999999999757,"[44, 44]","[1.7000000000000008, 0]","[0, 0]",68
47,"[0, 1]",140.8999999999978,"[46, 46]","[1.7500000000000009, 0]","[0, 0]",68
48,"[0, 1]",141.89999999999802,"[47, 47]","[1.7500000000000009, 0]","[0, 0]",68
49,"[0, 1]",142.94999999999825,"[48, 48]","[1.800000000000001, 0]","[0, 0]",68
50,"[0, 3]",174.00000000000531,"[49, 65]","[1.800000000000001, 0]","[0, 0]",68
51,"[0, 1]",146.6999999999991,"[50, 49]","[1.7500000000000009, 0]","[0, 0]",68
52,"[0, 1]",147.79999999999936,"[51, 51]","[1.7500000000000009, 0]","[0, 0]",68
53,"[0, 3]",178.90000000000643,"[52, 50]","[1.7500000000000009, 0]","[0, 0]",68
54,"[2, 1]",137.74999999999707,"[45, 40]","[21.35000000000017, 0]","[0, 0]",68
55,"[0, 3]",181.25000000000696,"[53, 53]","[1.6500000000000008, 0]","[0, 0]",68
56,"[0, 1]",152.70000000000047,"[55, 52]","[1.6000000000000008, 0]","[0, 0]",68
57,"[0, 1]",153.7500000000007,"[56, 56]","[1.5500000000000007, 0]","[0, 0]",68
58,"[0, 1]",154.85000000000096,"[57, 57]","[2.3, 0]","[0, 0]",68
59,"[0, 1]",155.8500000000012,"[58, 58]","[2.549999999999999, 0]","[0, 0]",68
60,"[0, 1]",156.55000000000135,"[59, 59]","[3.099999999999997, 0]","[0, 0]",68
61,"[0, 1]",156.4000000000013,"[60, 60]","[3.699999999999995, 0]","[0, 0]",68
62,"[0, 3]",180.5500000000068,"[61, 55]","[2.9499999999999975, 0]","[0, 0]",68
63,"[0, 1]",152.05000000000032,"[62, 61]","[2.9499999999999975, 0]","[0, 0]",68
64,"[0, 1]",150.1499999999999,"[63, 63]","[2.7499999999999982, 0]","[0, 0]",68
65,"[2, 3]",168.05000000000396,"[54, 39]","[22.350000000000183, 0]","[0, 0]",68
66,"[0, 1]",137.8999999999971,"[64, 64]","[0, 0]","[0, 0]",68
67,"[0, 1]",136.9999999999969,"[66, 66]","[0, 0]","[0, 0]",68
68,"[0, 1]",133.09999999999602,"[67, 67]","[0, 0]","[0, 0]",68
69,"[0, 1]",132.69999999999592,"[68, 68]","[0, 0]","[0, 0]",68
70,"[0, 1]",130.99999999999554,"[69, 69]","[0, 0]","[0, 0]",68
71,"[0, 1]",131.49999999999565,"[70, 70]","[0, 0]","[0, 0]",68
72,"[0, 1]",132.0999999999958,"[71, 71]","[0, 0]","[0, 0]",68
73,"[0, 1]",130.64999999999546,"[72, 72]","[0, 0]","[0, 0]",68
74,"[0, 3]",160.50000000000225,"[73, -999]","[0, 0]","[0, 0]",68
75,"[0, 1]",132.94999999999598,"[74, 73]","[0, 0]","[0, 0]",68
76,"[0, 3]",163.95000000000303,"[75, 74]","[0, 0]","[0, 0]",68
77,"[0, 1]",132.0999999999958,"[76, 75]","[0, 0]","[0, 0]",68
78,"[0, 1]",131.19999999999558,"[77, 77]","[0, 0]","[0, 0]",68
79,"[0, 1]",131.54999999999566,"[78, 78]","[0, 0]","[0, 0]",68
0,"[2, 3]",67.7499999999983,"[-999, -999]","[0, 0]","[0, 0]",69
1,"[2, 1]",37.15000000000003,"[0, -999]","[0, 0]","[0, 0]",69
2,"[2, 1]",38.84999999999993,"[1, 1]","[0, 0]","[0, 0]",69
3,"[2, 1]",40.74999999999982,"[2, 2]","[0, 0]","[0, 0]",69
4,"[2, 3]",72.04999999999805,"[3, 0]","[0, 0]","[0, 0]",69
5,"[2, 1]",40.09999999999986,"[4, 3]","[0, 0]","[0, 0]",69
6,"[2, 1]",42.34999999999973,"[5, 5]","[0, 0]","[0, 0]",69
7,"[2, 1]",43.39999999999967,"[6, 6]","[0, 0]","[0, 0]",69
8,"[2, 1]",44.49999999999961,"[7, 7]","[0, 0]","[0, 0]",69
9,"[2, 1]",45.799999999999535,"[8, 8]","[0, 0]","[0, 0]",69
10,"[2, 1]",46.89999999999947,"[9, 9]","[0, 0]","[0, 0]",69
11,"[2, 1]",53.4499999999991,"[10, 12]","[2.1500000000000004, 0]","[2.1500000000000004, 0]",69
12,"[0, 1]",74.5999999999979,"[-999, 10]","[0, 0]","[2.5999999999999988, 0]",69
13,"[2, 1]",63.949999999998504,"[11, 16]","[9.700000000000003, 0]","[9.700000000000003, 0]",69
14,"[2, 1]",68.89999999999823,"[13, 17]","[14.300000000000068, 0]","[2.2, 0]",69
15,"[0, 1]",80.44999999999757,"[12, 11]","[2.4499999999999993, 0]","[2.4499999999999993, 0]",69
16,"[0, 1]",80.89999999999755,"[15, 15]","[0, 0]","[0, 0]",69
17,"[0, 1]",86.74999999999721,"[16, 13]","[2.549999999999999, 0]","[2.549999999999999, 0]",69
18,"[2, 3]",101.0499999999964,"[14, 19]","[21.50000000000017, 0]","[0, 0]",69
19,"[0, 3]",116.59999999999552,"[17, -999]","[0, 0]","[0, 0]",69
20,"[0, 1]",88.54999999999711,"[19, 14]","[0, 0]","[0, 0]",69
21,"[2, 1]",76.79999999999778,"[18, 22]","[23.750000000000203, 0]","[0, 0]",69
22,"[0, 1]",89.64999999999705,"[20, 20]","[0, 0]","[0, 0]",69
23,"[0, 1]",95.09999999999674,"[22, 21]","[2.499999999999999, 0]","[2.499999999999999, 0]",69
24,"[0, 1]",100.29999999999644,"[23, 27]","[2.499999999999999, 0]","[2.499999999999999, 0]",69
25,"[0, 1]",105.39999999999615,"[24, 29]","[2.5999999999999988, 0]","[2.5999999999999988, 0]",69
26,"[0, 1]",111.5999999999958,"[25, 34]","[2.3999999999999995, 0]","[2.3999999999999995, 0]",69
27,"[2, 1]",82.54999999999745,"[21, 23]","[24.600000000000215, 0]","[0, 0]",69
28,"[0, 1]",116.64999999999552,"[26, 35]","[2.499999999999999, 0]","[2.499999999999999, 0]",69
29,"[2, 1]",87.94999999999715,"[27, 24]","[22.300000000000182, 0]","[0, 0]",69
30,"[0, 1]",121.79999999999522,"[28, 39]","[2.549999999999999, 0]","[2.549999999999999, 0]",69
31,"[0, 1]",126.79999999999494,"[30, 41]","[2.5999999999999988, 0]","[2.5999999999999988, 0]",69
32,"[0, 1]",131.84999999999573,"[31, 42]","[2.3499999999999996, 0]","[2.3499999999999996, 0]",69
33,"[0, 1]",136.9999999999969,"[32, 47]","[2.3, 0]","[2.3, 0]",69
34,"[2, 1]",93.39999999999684,"[29, 25]","[20.550000000000157, 0]","[0, 0]",69
35,"[2, 1]",98.64999999999654,"[34, 26]","[19.050000000000136, 0]","[0, 0]",69
36,"[0, 1]",142.14999999999807,"[33, 48]","[2.3499999999999996, 0]","[2.3499999999999996, 0]",69
37,"[0, 1]",147.19999999999922,"[36, 51]","[2.4499999999999993, 0]","[2.4499999999999993, 0]",69
38,"[0, 1]",146.54999999999907,"[37, 37]","[0, 0]","[0, 0]",69
39,"[2, 1]",104.09999999999623,"[35, 28]","[17.550000000000114, 0]","[0, 0]",69
40,"[0, 1]",153.3000000000006,"[38, 60]","[2.7499999999999982, 0]","[2.7499999999999982, 0]",69
41,"[2, 1]",109.59999999999592,"[39, 30]","[16.050000000000093, 0]","[0, 0]",69
42,"[2, 1]",115.0499999999956,"[41, 31]","[15.400000000000084, 0]","[0, 0]",69
43,"[0, 1]",152.70000000000047,"[40, 40]","[0, 0]","[0, 0]",69
44,"[0, 1]",158.20000000000172,"[43, 65]","[2.549999999999999, 0]","[2.549999999999999, 0]",69
45,"[0, 3]",188.0000000000085,"[44, 55]","[0, 0]","[0, 0]",69
46,"[0, 1]",160.7500000000023,"[45, 44]","[0.2, 0]","[0, 0]",69
47,"[2, 1]",120.5499999999953,"[42, 32]","[15.500000000000085, 0]","[0, 0]",69
48,"[2, 1]",126.09999999999498,"[47, 33]","[14.950000000000077, 0]","[0, 0]",69
49,"[0, 3]",192.05000000000942,"[46, 45]","[1.0500000000000003, 0]","[0, 0]",69
50,"[0, 3]",194.30000000000993,"[49, 49]","[1.5000000000000007, 0]","[0, 0]",69
51,"[2, 1]",131.54999999999566,"[48, 36]","[15.250000000000082, 0]","[0, 0]",69
52,"[0, 1]",165.75000000000344,"[50, 46]","[1.800000000000001, 0]","[0, 0]",69
53,"[0, 3]",197.2500000000106,"[52, 50]","[2.0500000000000007, 0]","[0, 0]",69
54,"[0, 1]",169.75000000000435,"[53, 52]","[2.25, 0]","[0, 0]",69
55,"[2, 3]",162.40000000000268,"[51, -999]","[15.500000000000085, 0]","[0, 0]",69
56,"[0, 1]",170.8500000000046,"[54, 54]","[2.4499999999999993, 0]","[0, 0]",69
57,"[0, 1]",171.90000000000484,"[56, 56]","[2.6499999999999986, 0]","[0, 0]",69
58,"[0, 3]",203.0000000000119,"[57, 53]","[2.799999999999998, 0]","[0, 0]",69
59,"[0, 1]",175.6500000000057,"[58, 57]","[2.9499999999999975, 0]","[0, 0]",69
60,"[2, 1]",137.399999999997,"[55, 38]","[15.300000000000082, 0]","[0, 0]",69
61,"[0, 1]",176.75000000000594,"[59, 59]","[3.099999999999997, 0]","[0, 0]",69
62,"[0, 1]",177.70000000000616,"[61, 61]","[3.149999999999997, 0]","[0, 0]",69
63,"[0, 1]",178.50000000000634,"[62, 62]","[3.2999999999999963, 0]","[0, 0]",69
64,"[0, 1]",178.60000000000636,"[63, 63]","[3.899999999999994, 0]","[0, 0]",69
65,"[2, 1]",149.7499999999998,"[60, 43]","[16.850000000000104, 0]","[2.25, 0]",69
66,"[0, 3]",204.20000000001218,"[64, 58]","[4.3499999999999925, 0]","[0, 0]",69
67,"[0, 1]",171.80000000000481,"[66, 64]","[4.6499999999999915, 0]","[0, 0]",69
68,"[0, 1]",168.95000000000417,"[67, 67]","[4.849999999999991, 0]","[0, 0]",69
69,"[0, 1]",164.40000000000313,"[68, 68]","[5.04999999999999, 0]","[0, 0]",69
70,"[0, 1]",160.3500000000022,"[69, 69]","[5.14999999999999, 0]","[0, 0]",69
71,"[0, 1]",156.8000000000014,"[70, 70]","[5.299999999999989, 0]","[0, 0]",69
72,"[0, 1]",152.75000000000048,"[71, 71]","[5.449999999999989, 0]","[0, 0]",69
73,"[0, 1]",148.3999999999995,"[72, 72]","[5.699999999999988, 0]","[0, 0]",69
74,"[0, 1]",144.54999999999862,"[73, 73]","[5.799999999999987, 0]","[0, 0]",69
75,"[0, 1]",141.799999999998,"[74, 74]","[5.04999999999999, 0]","[0, 0]",69
76,"[0, 3]",162.70000000000275,"[75, -999]","[1.2000000000000004, 0]","[0, 0]",69
77,"[0, 1]",134.8499999999964,"[76, 75]","[0, 0]","[0, 0]",69
78,"[0, 1]",130.04999999999532,"[77, 77]","[0, 0]","[0, 0]",69
79,"[0, 1]",130.74999999999548,"[78, 78]","[0, 0]","[0, 0]",69
0,"[2, 1]",36.40000000000007,"[-999, -999]","[0, 0]","[0, 0]",70
1,"[0, 3]",96.59999999999665,"[-999, -999]","[0, 0]","[0, 0]",70
2,"[2, 1]",38.09999999999997,"[0, 0]","[0, 0]","[0, 0]",70
3,"[2, 1]",39.89999999999987,"[2, 2]","[0, 0]","[0, 0]",70
4,"[2, 1]",41.79999999999976,"[3, 3]","[0, 0]","[0, 0]",70
5,"[2, 1]",43.54999999999966,"[4, 4]","[0, 0]","[0, 0]",70
6,"[2, 1]",45.04999999999958,"[5, 5]","[0, 0]","[0, 0]",70
7,"[2, 1]",46.349999999999504,"[6, 6]","[0, 0]","[0, 0]",70
8,"[2, 1]",47.34999999999945,"[7, 7]","[0, 0]","[0, 0]",70
9,"[2, 1]",48.449999999999385,"[8, 8]","[0, 0]","[0, 0]",70
10,"[2, 1]",56.699999999998916,"[9, 14]","[2.499999999999999, 0]","[2.499999999999999, 0]",70
11,"[2, 1]",61.69999999999863,"[10, 15]","[0, 0]","[0, 0]",70
12,"[2, 1]",67.14999999999833,"[11, 16]","[0, 0]","[0, 0]",70
13,"[2, 1]",72.64999999999802,"[12, 17]","[15.000000000000078, 0]","[0, 0]",70
14,"[0, 1]",67.79999999999829,"[1, 9]","[0, 0]","[0, 0]",70
15,"[0, 1]",74.34999999999792,"[14, 10]","[0.44999999999999996, 0]","[0.44999999999999996, 0]",70
16,"[0, 1]",80.74999999999756,"[15, 11]","[2.849999999999998, 0]","[2.849999999999998, 0]",70
17,"[0, 1]",86.39999999999723,"[16, 12]","[2.0500000000000007, 0]","[2.0500000000000007, 0]",70
18,"[0, 3]",114.89999999999561,"[17, 1]","[0, 0]","[0, 0]",70
19,"[0, 1]",86.09999999999725,"[18, 13]","[0, 0]","[0, 0]",70
20,"[2, 1]",78.79999999999767,"[13, 19]","[20.70000000000016, 0]","[0, 0]",70
21,"[0, 1]",91.79999999999693,"[19, 20]","[2.499999999999999, 0]","[2.499999999999999, 0]",70
22,"[0, 1]",97.99999999999658,"[21, 29]","[2.4499999999999993, 0]","[2.4499999999999993, 0]",70
23,"[0, 1]",103.09999999999629,"[22, 33]","[2.3499999999999996, 0]","[2.3499999999999996, 0]",70
24,"[0, 1]",102.54999999999632,"[23, 23]","[0, 0]","[0, 0]",70
25,"[0, 1]",103.09999999999629,"[24, 24]","[0, 0]","[0, 0]",70
26,"[0, 1]",108.89999999999596,"[25, 36]","[2.3999999999999995, 0]","[2.3999999999999995, 0]",70
27,"[0, 1]",115.44999999999558,"[26, 41]","[1.7500000000000009, 0]","[1.7500000000000009, 0]",70
28,"[0, 1]",114.89999999999561,"[27, 27]","[0, 0]","[0, 0]",70
29,"[2, 1]",84.29999999999735,"[20, 21]","[18.350000000000126, 0]","[0, 0]",70
30,"[0, 3]",148.74999999999957,"[28, 49]","[0, 0]","[0, 0]",70
31,"[0, 1]",120.19999999999531,"[30, 50]","[0, 0]","[0, 0]",70
32,"[0, 1]",120.79999999999528,"[31, 31]","[0.5499999999999999, 0]","[0, 0]",70
33,"[2, 1]",89.39999999999706,"[29, 22]","[16.6500000000001, 0]","[0, 0]",70
34,"[2, 3]",120.59999999999529,"[33, 18]","[15.15000000000008, 0]","[0, 0]",70
35,"[0, 1]",121.84999999999522,"[32, 32]","[1.0000000000000002, 0]","[0, 0]",70
36,"[2, 1]",102.09999999999634,"[34, 25]","[16.850000000000104, 0]","[3.149999999999997, 0]",70
37,"[0, 1]",127.84999999999488,"[35, 55]","[3.949999999999994, 0]","[2.499999999999999, 0]",70
38,"[0, 1]",128.1499999999949,"[37, 37]","[1.850000000000001, 0]","[0, 0]",70
39,"[0, 3]",158.65000000000182,"[38, 62]","[2.3, 0]","[0, 0]",70
40,"[0, 1]",130.29999999999538,"[39, 78]","[2.7499999999999982, 0]","[0, 0]",70
41,"[2, 1]",107.04999999999606,"[36, 26]","[12.250000000000039, 0]","[0, 0]",70
42,"[2, 3]",137.34999999999698,"[41, 34]","[10.800000000000018, 0]","[0, 0]",70
43,"[0, 1]",131.39999999999563,"[40, 40]","[3.149999999999997, 0]","[0, 0]",70
44,"[0, 1]",132.44999999999587,"[43, 43]","[3.4999999999999956, 0]","[0, 0]",70
45,"[0, 1]",133.4999999999961,"[44, 44]","[3.7999999999999945, 0]","[0, 0]",70
46,"[0, 1]",134.54999999999634,"[45, 45]","[4.149999999999993, 0]","[0, 0]",70
47,"[0, 1]",135.54999999999657,"[46, 46]","[4.3499999999999925, 0]","[0, 0]",70
48,"[0, 1]",136.5499999999968,"[47, 47]","[4.549999999999992, 0]","[0, 0]",70
49,"[2, 3]",140.74999999999775,"[42, 42]","[9.399999999999999, 0]","[0, 0]",70
50,"[2, 1]",111.89999999999579,"[49, 28]","[7.99999999999998, 0]","[0, 0]",70
51,"[0, 1]",137.59999999999704,"[48, 48]","[4.799999999999991, 0]","[0, 0]",70
52,"[0, 1]",138.64999999999728,"[51, 51]","[4.94999999999999, 0]","[0, 0]",70
53,"[0, 1]",139.69999999999752,"[52, 52]","[5.14999999999999, 0]","[0, 0]",70
54,"[0, 3]",170.65000000000455,"[53, -999]","[5.349999999999989, 0]","[0, 0]",70
55,"[2, 1]",130.94999999999553,"[50, 35]","[16.900000000000105, 0]","[9.800000000000004, 0]",70
56,"[0, 1]",143.39999999999836,"[54, 53]","[5.549999999999988, 0]","[0, 0]",70
57,"[0, 1]",144.4999999999986,"[56, 56]","[5.699999999999988, 0]","[0, 0]",70
58,"[0, 1]",145.49999999999883,"[57, 57]","[5.849999999999987, 0]","[0, 0]",70
59,"[0, 1]",146.29999999999902,"[58, 58]","[6.099999999999986, 0]","[0, 0]",70
60,"[0, 1]",145.49999999999883,"[59, 59]","[6.249999999999986, 0]","[0, 0]",70
61,"[0, 1]",142.6499999999982,"[60, 60]","[6.149999999999986, 0]","[0, 0]",70
62,"[2, 3]",160.00000000000213,"[55, 30]","[8.09999999999998, 0]","[0, 0]",70
63,"[0, 1]",142.7499999999982,"[61, 61]","[4.94999999999999, 0]","[0, 0]",70
64,"[0, 1]",132.999999999996,"[63, 63]","[0, 0]","[0, 0]",70
65,"[0, 3]",163.60000000000295,"[64, 54]","[0, 0]","[0, 0]",70
66,"[0, 1]",135.94999999999666,"[65, 64]","[0, 0]","[0, 0]",70
67,"[0, 1]",134.8499999999964,"[66, 66]","[0, 0]","[0, 0]",70
68,"[0, 1]",134.7499999999964,"[67, 67]","[0, 0]","[0, 0]",70
69,"[0, 1]",135.09999999999647,"[68, 68]","[0, 0]","[0, 0]",70
70,"[0, 1]",130.3999999999954,"[69, 69]","[0, 0]","[0, 0]",70
71,"[0, 1]",129.74999999999525,"[70, 70]","[0, 0]","[0, 0]",70
72,"[0, 1]",130.14999999999534,"[71, 71]","[0, 0]","[0, 0]",70
73,"[0, 1]",130.24999999999537,"[72, 72]","[0, 0]","[0, 0]",70
74,"[0, 1]",129.0999999999951,"[73, 73]","[0, 0]","[0, 0]",70
75,"[0, 1]",129.29999999999515,"[74, 74]","[0, 0]","[0, 0]",70
76,"[0, 1]",129.9499999999953,"[75, 75]","[0, 0]","[0, 0]",70
77,"[0, 1]",130.54999999999544,"[76, 76]","[0, 0]","[0, 0]",70
78,"[2, 1]",136.84999999999687,"[62, 38]","[7.649999999999981, 0]","[0, 0]",70
79,"[0, 1]",130.7999999999955,"[77, 77]","[0, 0]","[0, 0]",70
0,"[2, 1]",36.40000000000007,"[-999, -999]","[0, 0]","[0, 0]",71
1,"[2, 1]",38.09999999999997,"[0, 0]","[0, 0]","[0, 0]",71
2,"[2, 1]",39.89999999999987,"[1, 1]","[0, 0]","[0, 0]",71
3,"[2, 1]",41.79999999999976,"[2, 2]","[0, 0]","[0, 0]",71
4,"[2, 1]",43.54999999999966,"[3, 3]","[0, 0]","[0, 0]",71
5,"[2, 1]",45.099999999999575,"[4, 4]","[0, 0]","[0, 0]",71
6,"[2, 1]",46.349999999999504,"[5, 5]","[0, 0]","[0, 0]",71
7,"[2, 1]",47.34999999999945,"[6, 6]","[0, 0]","[0, 0]",71
8,"[2, 1]",48.449999999999385,"[7, 7]","[0, 0]","[0, 0]",71
9,"[2, 1]",69.99999999999817,"[8, 16]","[13.300000000000054, 0]","[13.300000000000054, 0]",71
10,"[2, 1]",79.79999999999761,"[9, 18]","[2.3999999999999995, 0]","[2.3999999999999995, 0]",71
11,"[2, 1]",84.69999999999733,"[10, 19]","[0, 0]","[0, 0]",71
12,"[0, 1]",68.84999999999823,"[-999, 8]","[0, 0]","[0, 0]",71
13,"[2, 1]",90.34999999999701,"[11, 21]","[32.05000000000032, 0]","[0, 0]",71
14,"[0, 1]",70.34999999999815,"[12, 12]","[0, 0]","[0, 0]",71
15,"[0, 1]",71.34999999999809,"[14, 14]","[0, 0]","[0, 0]",71
16,"[0, 1]",72.04999999999805,"[15, 15]","[0, 0]","[0, 0]",71
17,"[0, 1]",78.74999999999767,"[16, 9]","[1.1000000000000003, 0]","[1.1000000000000003, 0]",71
18,"[0, 1]",78.04999999999771,"[17, 17]","[0, 0]","[0, 0]",71
19,"[0, 1]",83.4999999999974,"[18, 10]","[2.4499999999999993, 0]","[2.4499999999999993, 0]",71
20,"[2, 1]",95.7499999999967,"[13, 22]","[37.74999999999999, 0]","[0, 0]",71
21,"[0, 1]",89.29999999999707,"[19, 11]","[2.7499999999999982, 0]","[2.7499999999999982, 0]",71
22,"[0, 1]",95.24999999999673,"[21, 13]","[2.000000000000001, 0]","[2.000000000000001, 0]",71
23,"[2, 1]",101.24999999999639,"[20, 24]","[35.40000000000013, 0]","[0, 0]",71
24,"[0, 1]",100.34999999999644,"[22, 20]","[2.3499999999999996, 0]","[2.3499999999999996, 0]",71
25,"[2, 3]",130.89999999999552,"[23, -999]","[33.650000000000226, 0]","[0, 0]",71
26,"[0, 1]",105.39999999999615,"[24, 23]","[2.25, 0]","[2.25, 0]",71
27,"[0, 1]",104.74999999999619,"[26, 26]","[0, 0]","[0, 0]",71
28,"[0, 1]",109.64999999999591,"[27, 30]","[2.4499999999999993, 0]","[2.4499999999999993, 0]",71
29,"[0, 1]",115.69999999999557,"[28, 32]","[2.799999999999998, 0]","[2.799999999999998, 0]",71
30,"[2, 1]",107.54999999999603,"[25, 27]","[32.15000000000031, 0]","[0, 0]",71
31,"[0, 1]",121.49999999999524,"[29, 36]","[1.850000000000001, 0]","[1.850000000000001, 0]",71
32,"[2, 1]",113.4999999999957,"[30, 28]","[30.6500000000003, 0]","[0, 0]",71
33,"[0, 3]",152.90000000000052,"[31, 38]","[2.1000000000000005, 0]","[2.1000000000000005, 0]",71
34,"[0, 3]",154.5500000000009,"[33, 33]","[0, 0]","[0, 0]",71
35,"[0, 1]",126.69999999999494,"[34, 43]","[0.9000000000000002, 0]","[0, 0]",71
36,"[2, 1]",118.99999999999538,"[32, 29]","[29.15000000000028, 0]","[0, 0]",71
37,"[0, 1]",133.09999999999602,"[35, 49]","[4.249999999999993, 0]","[2.9499999999999975, 0]",71
38,"[2, 3]",149.84999999999982,"[36, 25]","[28.100000000000264, 0]","[0, 0]",71
39,"[0, 3]",162.0500000000026,"[37, 34]","[1.6000000000000008, 0]","[0, 0]",71
40,"[0, 1]",133.09999999999602,"[39, 50]","[1.850000000000001, 0]","[0, 0]",71
41,"[2, 1]",122.1999999999952,"[38, 31]","[27.90000000000026, 0]","[0, 0]",71
42,"[0, 1]",138.54999999999725,"[40, 54]","[4.599999999999992, 0]","[2.499999999999999, 0]",71
43,"[2, 1]",124.59999999999506,"[41, 41]","[26.850000000000247, 0]","[0, 0]",71
44,"[0, 1]",138.99999999999736,"[42, 42]","[2.3, 0]","[0, 0]",71
45,"[0, 1]",144.39999999999858,"[44, 60]","[4.99999999999999, 0]","[2.549999999999999, 0]",71
46,"[0, 1]",144.8499999999987,"[45, 45]","[2.6499999999999986, 0]","[0, 0]",71
47,"[0, 1]",150.70000000000002,"[46, 66]","[5.249999999999989, 0]","[2.499999999999999, 0]",71
48,"[0, 1]",151.00000000000009,"[47, 47]","[2.9499999999999975, 0]","[0, 0]",71
49,"[2, 1]",132.69999999999592,"[43, 35]","[26.200000000000237, 0]","[0, 0]",71
50,"[2, 1]",138.19999999999717,"[49, 37]","[25.850000000000232, 0]","[0, 0]",71
51,"[0, 1]",156.4000000000013,"[48, 79]","[5.449999999999989, 0]","[2.3999999999999995, 0]",71
52,"[0, 1]",156.90000000000143,"[51, 51]","[3.1999999999999966, 0]","[0, 0]",71
53,"[0, 1]",157.90000000000165,"[52, 52]","[3.349999999999996, 0]","[0, 0]",71
54,"[2, 1]",143.89999999999847,"[50, 40]","[25.00000000000022, 0]","[0, 0]",71
55,"[2, 3]",174.30000000000538,"[54, 39]","[25.850000000000232, 0]","[0, 0]",71
56,"[0, 1]",158.9500000000019,"[53, 53]","[3.4499999999999957, 0]","[0, 0]",71
57,"[0, 1]",160.00000000000213,"[56, 56]","[3.599999999999995, 0]","[0, 0]",71
58,"[0, 1]",160.95000000000235,"[57, 57]","[3.699999999999995, 0]","[0, 0]",71
59,"[0, 1]",161.95000000000258,"[58, 58]","[4.049999999999994, 0]","[0, 0]",71
60,"[2, 1]",150.39999999999995,"[55, 44]","[27.05000000000025, 0]","[0, 0]",71
61,"[0, 1]",162.9500000000028,"[59, 59]","[4.749999999999991, 0]","[0, 0]",71
62,"[0, 3]",193.90000000000984,"[61, -999]","[5.09999999999999, 0]","[0, 0]",71
63,"[0, 1]",166.55000000000362,"[62, 61]","[5.399999999999989, 0]","[0, 0]",71
64,"[0, 1]",167.05000000000373,"[63, 63]","[5.599999999999988, 0]","[0, 0]",71
65,"[0, 1]",163.800000000003,"[64, 64]","[5.899999999999987, 0]","[0, 0]",71
66,"[2, 1]",161.85000000000255,"[60, 46]","[29.30000000000028, 0]","[2.849999999999998, 0]",71
67,"[0, 1]",161.6500000000025,"[65, 65]","[5.04999999999999, 0]","[0, 0]",71
68,"[0, 1]",151.40000000000018,"[67, 67]","[1.5500000000000007, 0]","[0, 0]",71
69,"[0, 1]",147.89999999999938,"[68, 68]","[1.5500000000000007, 0]","[0, 0]",71
70,"[0, 1]",148.54999999999953,"[69, 69]","[1.850000000000001, 0]","[0, 0]",71
71,"[0, 1]",149.04999999999964,"[70, 70]","[2.849999999999998, 0]","[0, 0]",71
72,"[0, 1]",141.09999999999783,"[71, 71]","[0, 0]","[0, 0]",71
73,"[0, 1]",141.24999999999787,"[72, 72]","[0, 0]","[0, 0]",71
74,"[0, 1]",137.64999999999705,"[73, 73]","[0, 0]","[0, 0]",71
75,"[0, 1]",137.8499999999971,"[74, 74]","[0, 0]","[0, 0]",71
76,"[2, 3]",190.75000000000912,"[66, 55]","[25.950000000000234, 0]","[0, 0]",71
77,"[0, 1]",138.64999999999728,"[75, 75]","[0.6, 0]","[0, 0]",71
78,"[0, 3]",169.30000000000425,"[77, -999]","[1.4000000000000006, 0]","[0, 0]",71
79,"[2, 1]",167.95000000000394,"[76, 48]","[29.25000000000028, 0]","[0, 0]",71
0,"[2, 1]",36.40000000000007,"[-999, -999]","[0, 0]","[0, 0]",72
1,"[0, 1]",73.64999999999796,"[-999, 8]","[0, 0]","[3.149999999999997, 0]",72
2,"[2, 1]",38.09999999999997,"[0, 0]","[0, 0]","[0, 0]",72
3,"[2, 1]",39.89999999999987,"[2, 2]","[0, 0]","[0, 0]",72
4,"[2, 3]",69.24999999999821,"[3, -999]","[0, 0]","[0, 0]",72
5,"[2, 1]",37.74999999999999,"[4, 3]","[0, 0]","[0, 0]",72
6,"[2, 1]",39.54999999999989,"[5, 5]","[0, 0]","[0, 0]",72
7,"[2, 1]",41.34999999999979,"[6, 6]","[0, 0]","[0, 0]",72
8,"[2, 1]",43.29999999999968,"[7, 7]","[0, 0]","[0, 0]",72
9,"[2, 1]",50.749999999999254,"[8, 1]","[1.5500000000000007, 0]","[1.5500000000000007, 0]",72
10,"[2, 1]",70.04999999999816,"[9, 17]","[16.6000000000001, 0]","[16.6000000000001, 0]",72
11,"[2, 1]",79.8999999999976,"[10, 20]","[25.550000000000228, 0]","[4.699999999999991, 0]",72
12,"[0, 1]",69.79999999999818,"[1, 9]","[0, 0]","[0, 0]",72
13,"[2, 1]",84.79999999999733,"[11, 21]","[27.250000000000252, 0]","[0, 0]",72
14,"[2, 3]",114.79999999999562,"[13, -999]","[38.249999999999964, 0]","[0.05, 0]",72
15,"[0, 1]",70.64999999999813,"[12, 12]","[0, 0]","[0, 0]",72
16,"[0, 1]",71.44999999999808,"[15, 15]","[0, 0]","[0, 0]",72
17,"[0, 1]",72.09999999999805,"[16, 16]","[0, 0]","[0, 0]",72
18,"[2, 3]",118.09999999999543,"[14, 14]","[38.09999999999997, 0]","[0, 0]",72
19,"[0, 1]",78.74999999999767,"[17, 10]","[1.4500000000000006, 0]","[1.4500000000000006, 0]",72
20,"[0, 1]",78.0999999999977,"[19, 19]","[0, 0]","[0, 0]",72
21,"[0, 1]",83.64999999999739,"[20, 11]","[2.4499999999999993, 0]","[2.4499999999999993, 0]",72
22,"[2, 1]",92.2999999999969,"[18, 28]","[35.800000000000104, 0]","[0, 0]",72
23,"[2, 1]",98.19999999999656,"[22, 31]","[34.0500000000002, 0]","[0, 0]",72
24,"[0, 1]",89.74999999999704,"[21, 13]","[2.8999999999999977, 0]","[2.8999999999999977, 0]",72
25,"[2, 1]",103.49999999999626,"[23, 32]","[32.50000000000029, 0]","[0, 0]",72
26,"[0, 1]",89.14999999999708,"[24, 24]","[0, 0]","[0, 0]",72
27,"[2, 3]",135.74999999999662,"[25, 36]","[31.000000000000306, 0]","[0, 0]",72
28,"[0, 1]",89.79999999999704,"[26, 26]","[0, 0]","[0, 0]",72
29,"[2, 1]",106.79999999999607,"[27, 37]","[29.500000000000284, 0]","[0, 0]",72
30,"[2, 1]",115.34999999999559,"[29, 40]","[28.050000000000264, 0]","[0, 0]",72
31,"[0, 1]",95.14999999999674,"[28, 22]","[2.4499999999999993, 0]","[2.4499999999999993, 0]",72
32,"[0, 1]",101.79999999999636,"[31, 23]","[2.1000000000000005, 0]","[2.1000000000000005, 0]",72
33,"[2, 3]",147.44999999999928,"[30, 43]","[26.600000000000243, 0]","[0, 0]",72
34,"[2, 1]",118.39999999999542,"[33, 44]","[25.150000000000222, 0]","[0, 0]",72
35,"[2, 1]",132.39999999999586,"[34, 47]","[30.750000000000302, 0]","[6.649999999999984, 0]",72
36,"[0, 3]",130.19999999999536,"[32, 18]","[0, 0]","[0, 0]",72
37,"[0, 1]",102.19999999999634,"[36, 25]","[0, 0]","[0, 0]",72
38,"[2, 3]",164.2500000000031,"[35, 50]","[24.30000000000021, 0]","[0, 0]",72
39,"[0, 3]",134.8499999999964,"[37, 27]","[0, 0]","[0, 0]",72
40,"[0, 1]",106.3999999999961,"[39, 29]","[0, 0]","[0, 0]",72
41,"[2, 1]",140.4999999999977,"[38, 52]","[25.350000000000225, 0]","[0, 0]",72
42,"[2, 3]",170.50000000000452,"[41, 38]","[24.700000000000216, 0]","[0, 0]",72
43,"[0, 3]",136.9499999999969,"[40, 39]","[0, 0]","[0, 0]",72
44,"[0, 1]",108.54999999999598,"[43, 30]","[0, 0]","[0, 0]",72
45,"[0, 3]",141.24999999999787,"[44, 33]","[0, 0]","[0, 0]",72
46,"[0, 1]",112.99999999999572,"[45, 34]","[0, 0]","[0, 0]",72
47,"[0, 1]",113.4999999999957,"[46, 46]","[0, 0]","[0, 0]",72
48,"[2, 1]",146.84999999999914,"[42, 55]","[23.350000000000197, 0]","[0, 0]",72
49,"[2, 3]",176.90000000000597,"[48, 42]","[26.950000000000248, 0]","[0, 0]",72
50,"[0, 3]",144.54999999999862,"[47, 45]","[0, 0]","[0, 0]",72
51,"[0, 1]",116.39999999999553,"[50, 35]","[0, 0]","[0, 0]",72
52,"[0, 1]",117.49999999999547,"[51, 51]","[0, 0]","[0, 0]",72
53,"[0, 1]",122.99999999999515,"[52, 41]","[2.499999999999999, 0]","[2.499999999999999, 0]",72
54,"[2, 1]",153.60000000000068,"[49, 57]","[26.40000000000024, 0]","[0, 0]",72
55,"[0, 1]",123.44999999999513,"[53, 53]","[0.44999999999999996, 0]","[0, 0]",72
56,"[0, 1]",128.79999999999504,"[55, 48]","[4.199999999999993, 0]","[2.499999999999999, 0]",72
57,"[0, 1]",129.29999999999515,"[56, 56]","[1.800000000000001, 0]","[0, 0]",72
58,"[0, 1]",134.69999999999638,"[57, 54]","[3.899999999999994, 0]","[2.499999999999999, 0]",72
59,"[0, 1]",135.14999999999648,"[58, 58]","[0.9000000000000002, 0]","[0, 0]",72
60,"[0, 1]",140.4999999999977,"[59, 66]","[2.4499999999999993, 0]","[2.4499999999999993, 0]",72
61,"[0, 1]",140.9499999999978,"[60, 60]","[0, 0]","[0, 0]",72
62,"[0, 1]",146.84999999999914,"[61, 69]","[2.4499999999999993, 0]","[2.4499999999999993, 0]",72
63,"[0, 1]",147.19999999999922,"[62, 62]","[0.7500000000000001, 0]","[0, 0]",72
64,"[0, 1]",148.09999999999943,"[63, 63]","[1.1000000000000003, 0]","[0, 0]",72
65,"[2, 3]",183.75000000000753,"[54, 49]","[25.350000000000225, 0]","[0, 0]",72
66,"[2, 1]",160.00000000000213,"[65, 59]","[25.00000000000022, 0]","[0, 0]",72
67,"[0, 1]",149.14999999999966,"[64, 64]","[1.4000000000000006, 0]","[0, 0]",72
68,"[0, 1]",150.04999999999987,"[67, 67]","[2.5999999999999988, 0]","[0, 0]",72
69,"[2, 1]",171.60000000000477,"[66, 61]","[29.000000000000277, 0]","[2.9499999999999975, 0]",72
70,"[0, 1]",150.54999999999998,"[68, 68]","[3.649999999999995, 0]","[0, 0]",72
71,"[0, 1]",150.54999999999998,"[70, 70]","[3.399999999999996, 0]","[0, 0]",72
72,"[0, 1]",145.49999999999883,"[71, 71]","[3.649999999999995, 0]","[0, 0]",72
73,"[0, 1]",146.09999999999897,"[72, 72]","[3.4499999999999957, 0]","[0, 0]",72
74,"[0, 1]",146.94999999999916,"[73, 73]","[2.8999999999999977, 0]","[0, 0]",72
75,"[0, 1]",147.39999999999927,"[74, 74]","[2.0500000000000007, 0]","[0, 0]",72
76,"[0, 3]",172.85000000000505,"[75, -999]","[1.950000000000001, 0]","[0, 0]",72
77,"[0, 1]",145.3999999999988,"[76, 75]","[1.4000000000000006, 0]","[0, 0]",72
78,"[2, 3]",200.50000000001134,"[69, 65]","[28.000000000000263, 0]","[0, 0]",72
79,"[0, 1]",146.29999999999902,"[77, 77]","[0.65, 0]","[0, 0]",72
0,"[2, 1]",36.40000000000007,"[-999, -999]","[0, 0]","[0, 0]",73
1,"[2, 1]",38.09999999999997,"[0, 0]","[0, 0]","[0, 0]",73
2,"[2, 1]",39.89999999999987,"[1, 1]","[0, 0]","[0, 0]",73
3,"[2, 1]",41.79999999999976,"[2, 2]","[0, 0]","[0, 0]",73
4,"[2, 1]",43.54999999999966,"[3, 3]","[0, 0]","[0, 0]",73
5,"[2, 1]",45.099999999999575,"[4, 4]","[0, 0]","[0, 0]",73
6,"[2, 1]",46.349999999999504,"[5, 5]","[0, 0]","[0, 0]",73
7,"[2, 1]",47.34999999999945,"[6, 6]","[0, 0]","[0, 0]",73
8,"[2, 1]",48.49999999999938,"[7, 7]","[0, 0]","[0, 0]",73
9,"[2, 1]",69.99999999999817,"[8, 16]","[13.300000000000054, 0]","[13.300000000000054, 0]",73
10,"[2, 1]",73.99999999999794,"[9, 17]","[0, 0]","[0, 0]",73
11,"[2, 1]",80.59999999999756,"[10, 20]","[0, 0]","[0, 0]",73
12,"[0, 1]",68.94999999999823,"[-999, 8]","[0, 0]","[0, 0]",73
13,"[2, 1]",85.94999999999726,"[11, 21]","[28.000000000000263, 0]","[0, 0]",73
14,"[0, 1]",70.44999999999814,"[12, 12]","[0, 0]","[0, 0]",73
15,"[0, 1]",71.34999999999809,"[14, 14]","[0, 0]","[0, 0]",73
16,"[0, 1]",72.04999999999805,"[15, 15]","[0, 0]","[0, 0]",73
17,"[0, 1]",78.74999999999767,"[16, 9]","[1.3500000000000005, 0]","[1.3500000000000005, 0]",73
18,"[0, 3]",104.79999999999619,"[17, -999]","[0, 0]","[0, 0]",73
19,"[2, 1]",91.34999999999695,"[13, 23]","[34.000000000000206, 0]","[0, 0]",73
20,"[0, 1]",78.84999999999766,"[18, 10]","[0, 0]","[0, 0]",73
21,"[0, 1]",85.79999999999727,"[20, 11]","[2.1500000000000004, 0]","[2.1500000000000004, 0]",73
22,"[2, 1]",96.89999999999664,"[19, 24]","[31.650000000000315, 0]","[0, 0]",73
23,"[0, 1]",90.94999999999698,"[21, 13]","[2.499999999999999, 0]","[2.499999999999999, 0]",73
24,"[0, 1]",95.94999999999669,"[23, 19]","[2.5999999999999988, 0]","[2.5999999999999988, 0]",73
25,"[0, 1]",101.0499999999964,"[24, 22]","[2.3, 0]","[2.3, 0]",73
26,"[0, 1]",106.09999999999611,"[25, 27]","[2.3, 0]","[2.3, 0]",73
27,"[2, 1]",102.34999999999633,"[22, 25]","[30.00000000000029, 0]","[0, 0]",73
28,"[0, 1]",111.14999999999583,"[26, 29]","[2.6499999999999986, 0]","[2.6499999999999986, 0]",73
29,"[2, 1]",107.84999999999602,"[27, 26]","[28.45000000000027, 0]","[0, 0]",73
30,"[2, 1]",113.24999999999571,"[29, 28]","[27.00000000000025, 0]","[0, 0]",73
31,"[0, 1]",116.19999999999554,"[28, 30]","[2.549999999999999, 0]","[2.549999999999999, 0]",73
32,"[0, 1]",121.24999999999525,"[31, 33]","[2.499999999999999, 0]","[2.499999999999999, 0]",73
33,"[2, 1]",118.7499999999954,"[30, 31]","[25.60000000000023, 0]","[0, 0]",73
34,"[2, 1]",124.24999999999508,"[33, 32]","[24.150000000000208, 0]","[0, 0]",73
35,"[2, 1]",129.74999999999525,"[34, 36]","[22.700000000000188, 0]","[0, 0]",73
36,"[0, 1]",126.29999999999497,"[32, 34]","[2.4499999999999993, 0]","[2.4499999999999993, 0]",73
37,"[0, 1]",131.49999999999565,"[36, 35]","[2.3999999999999995, 0]","[2.3999999999999995, 0]",73
38,"[0, 1]",130.8499999999955,"[37, 37]","[0, 0]","[0, 0]",73
39,"[2, 3]",160.60000000000227,"[35, -999]","[21.300000000000168, 0]","[0, 0]",73
40,"[0, 1]",131.49999999999565,"[38, 38]","[0, 0]","[0, 0]",73
41,"[0, 1]",136.9499999999969,"[40, 45]","[2.3499999999999996, 0]","[2.3499999999999996, 0]",73
42,"[2, 3]",163.60000000000295,"[39, 39]","[19.900000000000148, 0]","[0, 0]",73
43,"[0, 3]",167.10000000000375,"[41, 42]","[0, 0]","[0, 0]",73
44,"[0, 1]",138.39999999999722,"[43, 47]","[0, 0]","[0, 0]",73
45,"[2, 1]",137.94999999999712,"[42, 40]","[18.450000000000127, 0]","[0, 0]",73
46,"[0, 1]",139.2499999999974,"[44, 44]","[0, 0]","[0, 0]",73
47,"[2, 1]",143.5999999999984,"[45, 41]","[17.050000000000107, 0]","[0, 0]",73
48,"[2, 1]",155.60000000000113,"[47, 46]","[19.000000000000135, 0]","[3.349999999999996, 0]",73
49,"[2, 3]",185.05000000000783,"[48, 43]","[14.300000000000068, 0]","[0, 0]",73
50,"[2, 1]",160.50000000000225,"[49, 53]","[14.500000000000071, 0]","[0, 0]",73
51,"[2, 3]",193.3000000000097,"[50, 55]","[14.200000000000067, 0]","[0, 0]",73
52,"[0, 1]",146.34999999999903,"[46, 48]","[2.3499999999999996, 0]","[2.3499999999999996, 0]",73
53,"[0, 1]",145.64999999999887,"[52, 52]","[0, 0]","[0, 0]",73
54,"[2, 3]",195.80000000001027,"[51, 51]","[13.400000000000055, 0]","[0, 0]",73
55,"[0, 3]",175.60000000000568,"[53, 49]","[0, 0]","[0, 0]",73
56,"[0, 1]",147.19999999999922,"[55, 50]","[0, 0]","[0, 0]",73
57,"[0, 1]",148.34999999999948,"[56, 56]","[0, 0]","[0, 0]",73
58,"[2, 1]",170.50000000000452,"[54, 59]","[13.00000000000005, 0]","[0, 0]",73
59,"[0, 1]",149.3499999999997,"[57, 57]","[0, 0]","[0, 0]",73
60,"[2, 1]",176.25000000000583,"[58, 61]","[14.100000000000065, 0]","[0, 0]",73
61,"[0, 1]",154.80000000000095,"[59, 58]","[2.4499999999999993, 0]","[2.4499999999999993, 0]",73
62,"[2, 1]",187.45000000000837,"[60, 64]","[18.55000000000013, 0]","[2.6499999999999986, 0]",73
63,"[0, 1]",160.40000000000222,"[61, 60]","[2.6999999999999984, 0]","[2.6999999999999984, 0]",73
64,"[0, 1]",160.55000000000226,"[63, 63]","[0, 0]","[0, 0]",73
65,"[0, 1]",166.30000000000356,"[64, 62]","[2.549999999999999, 0]","[2.549999999999999, 0]",73
66,"[0, 1]",172.40000000000495,"[65, 69]","[3.4499999999999957, 0]","[2.7499999999999982, 0]",73
67,"[0, 1]",177.4500000000061,"[66, 76]","[3.949999999999994, 0]","[2.4499999999999993, 0]",73
68,"[0, 1]",176.90000000000597,"[67, 67]","[1.900000000000001, 0]","[0, 0]",73
69,"[2, 1]",192.3500000000095,"[62, 65]","[18.450000000000127, 0]","[0, 0]",73
70,"[0, 1]",177.4500000000061,"[68, 68]","[2.25, 0]","[0, 0]",73
71,"[0, 1]",178.40000000000632,"[70, 70]","[2.499999999999999, 0]","[0, 0]",73
72,"[0, 1]",178.70000000000638,"[71, 71]","[2.6499999999999986, 0]","[0, 0]",73
73,"[0, 1]",174.90000000000552,"[72, 72]","[2.849999999999998, 0]","[0, 0]",73
74,"[0, 1]",170.8000000000046,"[73, 73]","[2.9999999999999973, 0]","[0, 0]",73
75,"[0, 1]",167.00000000000372,"[74, 74]","[3.099999999999997, 0]","[0, 0]",73
76,"[2, 1]",197.45000000001065,"[69, 66]","[19.850000000000147, 0]","[0, 0]",73
77,"[0, 1]",163.05000000000283,"[75, 75]","[3.2499999999999964, 0]","[0, 0]",73
78,"[2, 3]",228.4500000000177,"[76, -999]","[20.350000000000154, 0]","[0, 0]",73
79,"[0, 1]",158.9500000000019,"[77, 77]","[3.399999999999996, 0]","[0, 0]",73
0,"[2, 1]",36.40000000000007,"[-999, -999]","[0, 0]","[0, 0]",74
1,"[2, 1]",38.09999999999997,"[0, 0]","[0, 0]","[0, 0]",74
2,"[2, 1]",39.89999999999987,"[1, 1]","[0, 0]","[0, 0]",74
3,"[2, 1]",41.79999999999976,"[2, 2]","[0, 0]","[0, 0]",74
4,"[2, 1]",43.54999999999966,"[3, 3]","[0, 0]","[0, 0]",74
5,"[2, 1]",45.04999999999958,"[4, 4]","[0, 0]","[0, 0]",74
6,"[2, 1]",46.349999999999504,"[5, 5]","[0, 0]","[0, 0]",74
7,"[2, 1]",47.399999999999444,"[6, 6]","[0, 0]","[0, 0]",74
8,"[2, 1]",48.449999999999385,"[7, 7]","[0, 0]","[0, 0]",74
9,"[2, 1]",69.99999999999817,"[8, 16]","[13.350000000000055, 0]","[13.350000000000055, 0]",74
10,"[2, 1]",74.04999999999794,"[9, 17]","[0, 0]","[0, 0]",74
11,"[2, 1]",80.59999999999756,"[10, 20]","[0, 0]","[0, 0]",74
12,"[0, 1]",68.84999999999823,"[-999, 8]","[0, 0]","[0, 0]",74
13,"[2, 1]",85.99999999999726,"[11, 21]","[28.000000000000263, 0]","[0, 0]",74
14,"[0, 1]",70.34999999999815,"[12, 12]","[0, 0]","[0, 0]",74
15,"[0, 1]",71.34999999999809,"[14, 14]","[0, 0]","[0, 0]",74
16,"[0, 1]",72.04999999999805,"[15, 15]","[0, 0]","[0, 0]",74
17,"[0, 1]",78.74999999999767,"[16, 9]","[1.0500000000000003, 0]","[1.0500000000000003, 0]",74
18,"[2, 1]",91.24999999999696,"[13, 22]","[33.35000000000024, 0]","[0, 0]",74
19,"[0, 3]",104.79999999999619,"[17, -999]","[0, 0]","[0, 0]",74
20,"[0, 1]",78.79999999999767,"[19, 10]","[0, 0]","[0, 0]",74
21,"[0, 1]",84.39999999999735,"[20, 11]","[2.549999999999999, 0]","[2.549999999999999, 0]",74
22,"[0, 1]",89.24999999999707,"[21, 13]","[2.499999999999999, 0]","[2.499999999999999, 0]",74
23,"[0, 1]",94.29999999999679,"[22, 18]","[2.549999999999999, 0]","[2.549999999999999, 0]",74
24,"[0, 1]",99.64999999999648,"[23, 29]","[2.6499999999999986, 0]","[2.6499999999999986, 0]",74
25,"[0, 1]",99.84999999999647,"[24, 24]","[0, 0]","[0, 0]",74
26,"[0, 1]",105.14999999999617,"[25, 34]","[2.549999999999999, 0]","[2.549999999999999, 0]",74
27,"[0, 1]",105.64999999999614,"[26, 26]","[0, 0]","[0, 0]",74
28,"[0, 1]",111.49999999999581,"[27, 35]","[2.549999999999999, 0]","[2.549999999999999, 0]",74
29,"[2, 1]",96.64999999999665,"[18, 23]","[31.000000000000306, 0]","[0, 0]",74
30,"[0, 1]",117.59999999999546,"[28, 38]","[2.6499999999999986, 0]","[2.6499999999999986, 0]",74
31,"[0, 1]",117.04999999999549,"[30, 30]","[0, 0]","[0, 0]",74
32,"[2, 3]",126.79999999999494,"[29, 19]","[29.30000000000028, 0]","[0, 0]",74
33,"[0, 1]",117.69999999999546,"[31, 31]","[0, 0]","[0, 0]",74
34,"[2, 1]",103.19999999999628,"[32, 25]","[27.75000000000026, 0]","[0, 0]",74
35,"[2, 1]",114.59999999999563,"[34, 27]","[29.000000000000277, 0]","[2.7499999999999982, 0]",74
36,"[0, 1]",123.49999999999513,"[33, 41]","[2.4499999999999993, 0]","[2.4499999999999993, 0]",74
37,"[0, 1]",123.9499999999951,"[36, 36]","[0, 0]","[0, 0]",74
38,"[2, 1]",119.44999999999536,"[35, 28]","[24.750000000000217, 0]","[0, 0]",74
39,"[2, 3]",149.6999999999998,"[38, 32]","[23.300000000000196, 0]","[0, 0]",74
40,"[0, 1]",129.69999999999524,"[37, 43]","[2.4499999999999993, 0]","[2.4499999999999993, 0]",74
41,"[2, 1]",131.84999999999573,"[39, 33]","[25.70000000000023, 0]","[2.3999999999999995, 0]",74
42,"[0, 1]",135.34999999999653,"[40, 47]","[2.6999999999999984, 0]","[2.6999999999999984, 0]",74
43,"[2, 1]",142.44999999999814,"[41, 37]","[25.70000000000023, 0]","[2.549999999999999, 0]",74
44,"[0, 1]",135.29999999999652,"[42, 42]","[0, 0]","[0, 0]",74
45,"[0, 3]",168.7000000000041,"[44, 49]","[0, 0]","[0, 0]",74
46,"[0, 1]",139.79999999999754,"[45, 50]","[0, 0]","[0, 0]",74
47,"[2, 1]",147.24999999999923,"[43, 40]","[22.75000000000019, 0]","[0, 0]",74
48,"[2, 3]",177.65000000000614,"[47, 39]","[22.75000000000019, 0]","[0, 0]",74
49,"[2, 3]",180.60000000000682,"[48, 48]","[23.850000000000204, 0]","[0, 0]",74
50,"[2, 1]",151.30000000000015,"[49, 44]","[23.900000000000205, 0]","[0, 0]",74
51,"[0, 1]",140.59999999999772,"[46, 46]","[0.8500000000000002, 0]","[0, 0]",74
52,"[0, 1]",141.64999999999796,"[51, 51]","[1.2500000000000004, 0]","[0, 0]",74
53,"[0, 1]",142.6999999999982,"[52, 52]","[1.6500000000000008, 0]","[0, 0]",74
54,"[0, 1]",149.59999999999977,"[53, 78]","[5.04999999999999, 0]","[3.049999999999997, 0]",74
55,"[0, 1]",148.99999999999963,"[54, 54]","[2.3999999999999995, 0]","[0, 0]",74
56,"[0, 1]",149.64999999999978,"[55, 55]","[2.7499999999999982, 0]","[0, 0]",74
57,"[0, 1]",150.70000000000002,"[56, 56]","[3.099999999999997, 0]","[0, 0]",74
58,"[0, 1]",151.70000000000024,"[57, 57]","[3.399999999999996, 0]","[0, 0]",74
59,"[0, 1]",152.75000000000048,"[58, 58]","[3.699999999999995, 0]","[0, 0]",74
60,"[0, 1]",153.80000000000072,"[59, 59]","[3.949999999999994, 0]","[0, 0]",74
61,"[0, 1]",154.90000000000097,"[60, 60]","[4.749999999999991, 0]","[0, 0]",74
62,"[0, 1]",155.8500000000012,"[61, 61]","[5.699999999999988, 0]","[0, 0]",74
63,"[0, 1]",156.7500000000014,"[62, 62]","[7.199999999999982, 0]","[0, 0]",74
64,"[0, 1]",157.15000000000148,"[63, 63]","[8.04999999999998, 0]","[0, 0]",74
65,"[2, 3]",185.05000000000783,"[50, 45]","[25.450000000000227, 0]","[0, 0]",74
66,"[2, 3]",187.30000000000834,"[65, 65]","[26.900000000000247, 0]","[0, 0]",74
67,"[0, 1]",156.00000000000122,"[64, 64]","[8.299999999999983, 0]","[0, 0]",74
68,"[0, 1]",150.09999999999988,"[67, 67]","[7.4499999999999815, 0]","[0, 0]",74
69,"[0, 1]",150.39999999999995,"[68, 68]","[6.849999999999984, 0]","[0, 0]",74
70,"[0, 1]",145.54999999999885,"[69, 69]","[6.5999999999999845, 0]","[0, 0]",74
71,"[0, 1]",145.24999999999878,"[70, 70]","[6.749999999999984, 0]","[0, 0]",74
72,"[0, 1]",142.79999999999822,"[71, 71]","[6.5999999999999845, 0]","[0, 0]",74
73,"[0, 1]",143.1499999999983,"[72, 72]","[5.749999999999988, 0]","[0, 0]",74
74,"[0, 1]",137.99999999999713,"[73, 73]","[4.699999999999991, 0]","[0, 0]",74
75,"[0, 1]",138.04999999999714,"[74, 74]","[3.4999999999999956, 0]","[0, 0]",74
76,"[2, 3]",189.70000000000888,"[66, 66]","[27.550000000000257, 0]","[0, 0]",74
77,"[0, 1]",129.69999999999524,"[75, 75]","[0, 0]","[0, 0]",74
78,"[2, 1]",163.15000000000285,"[76, 53]","[30.050000000000292, 0]","[0, 0]",74
79,"[0, 1]",130.4499999999954,"[77, 77]","[0, 0]","[0, 0]",74
0,"[2, 1]",36.40000000000007,"[-999, -999]","[0, 0]","[0, 0]",75
1,"[2, 1]",38.09999999999997,"[0, 0]","[0, 0]","[0, 0]",75
2,"[2, 1]",39.89999999999987,"[1, 1]","[0, 0]","[0, 0]",75
3,"[2, 1]",41.79999999999976,"[2, 2]","[0, 0]","[0, 0]",75
4,"[2, 3]",70.24999999999815,"[3, -999]","[0, 0]","[0, 0]",75
5,"[2, 1]",38.69999999999994,"[4, 3]","[0, 0]","[0, 0]",75
6,"[2, 1]",40.64999999999983,"[5, 5]","[0, 0]","[0, 0]",75
7,"[2, 1]",42.49999999999972,"[6, 6]","[0, 0]","[0, 0]",75
8,"[2, 1]",44.049999999999635,"[7, 7]","[0, 0]","[0, 0]",75
9,"[2, 1]",45.59999999999955,"[8, 8]","[0, 0]","[0, 0]",75
10,"[2, 1]",46.849999999999476,"[9, 9]","[0, 0]","[0, 0]",75
11,"[2, 1]",47.69999999999943,"[10, 10]","[0, 0]","[0, 0]",75
12,"[0, 1]",79.9999999999976,"[-999, 11]","[0, 0]","[4.94999999999999, 0]",75
13,"[2, 1]",58.89999999999879,"[11, 14]","[6.649999999999984, 0]","[6.649999999999984, 0]",75
14,"[0, 1]",80.19999999999759,"[12, 12]","[0, 0]","[0, 0]",75
15,"[0, 1]",87.14999999999719,"[14, 13]","[1.1500000000000004, 0]","[1.1500000000000004, 0]",75
16,"[0, 1]",86.54999999999723,"[15, 15]","[0, 0]","[0, 0]",75
17,"[0, 1]",87.0999999999972,"[16, 16]","[0, 0]","[0, 0]",75
18,"[2, 3]",89.09999999999708,"[13, -999]","[9.45, 0]","[2.3499999999999996, 0]",75
19,"[0, 3]",117.89999999999544,"[17, 22]","[0, 0]","[0, 0]",75
20,"[0, 1]",89.49999999999706,"[19, 29]","[0, 0]","[0, 0]",75
21,"[0, 1]",90.599999999997,"[20, 20]","[0, 0]","[0, 0]",75
22,"[2, 3]",92.3999999999969,"[18, 18]","[11.850000000000033, 0]","[0, 0]",75
23,"[0, 1]",96.59999999999665,"[21, 30]","[2.4499999999999993, 0]","[2.4499999999999993, 0]",75
24,"[0, 1]",102.8499999999963,"[23, 33]","[2.3499999999999996, 0]","[2.3499999999999996, 0]",75
25,"[0, 1]",107.89999999999601,"[24, 36]","[2.3, 0]","[2.3, 0]",75
26,"[0, 1]",112.94999999999573,"[25, 38]","[2.549999999999999, 0]","[2.549999999999999, 0]",75
27,"[0, 1]",118.04999999999544,"[26, 39]","[2.3999999999999995, 0]","[2.3999999999999995, 0]",75
28,"[0, 1]",123.09999999999515,"[27, 41]","[2.3999999999999995, 0]","[2.3999999999999995, 0]",75
29,"[2, 1]",65.49999999999842,"[22, 17]","[13.150000000000052, 0]","[0, 0]",75
30,"[2, 1]",79.34999999999764,"[29, 21]","[16.900000000000105, 0]","[2.7499999999999982, 0]",75
31,"[0, 1]",128.1499999999949,"[28, 45]","[2.5999999999999988, 0]","[2.5999999999999988, 0]",75
32,"[0, 3]",156.50000000000134,"[31, -999]","[0, 0]","[0, 0]",75
33,"[2, 1]",84.29999999999735,"[30, 23]","[11.950000000000035, 0]","[0, 0]",75
34,"[0, 1]",127.79999999999488,"[32, 49]","[0, 0]","[0, 0]",75
35,"[0, 1]",133.39999999999608,"[34, 54]","[2.6499999999999986, 0]","[2.6499999999999986, 0]",75
36,"[2, 1]",89.44999999999706,"[33, 24]","[10.400000000000013, 0]","[0, 0]",75
37,"[0, 1]",133.8499999999962,"[35, 35]","[0.8000000000000002, 0]","[0, 0]",75
38,"[2, 1]",94.94999999999675,"[36, 25]","[8.899999999999991, 0]","[0, 0]",75
39,"[2, 1]",100.34999999999644,"[38, 26]","[7.499999999999981, 0]","[0, 0]",75
40,"[0, 1]",134.8499999999964,"[37, 37]","[0.7500000000000001, 0]","[0, 0]",75
41,"[2, 1]",105.84999999999613,"[39, 27]","[6.0499999999999865, 0]","[0, 0]",75
42,"[0, 3]",165.5500000000034,"[40, 58]","[0.44999999999999996, 0]","[0, 0]",75
43,"[0, 1]",136.34999999999675,"[42, 65]","[0, 0]","[0, 0]",75
44,"[0, 1]",137.24999999999696,"[43, 43]","[0, 0]","[0, 0]",75
45,"[2, 1]",111.29999999999582,"[41, 28]","[4.699999999999991, 0]","[0, 0]",75
46,"[0, 1]",143.29999999999833,"[44, 76]","[2.3499999999999996, 0]","[2.3499999999999996, 0]",75
47,"[0, 1]",143.6499999999984,"[46, 46]","[2.8999999999999977, 0]","[0, 0]",75
48,"[0, 1]",144.4999999999986,"[47, 47]","[4.3499999999999925, 0]","[0, 0]",75
49,"[2, 1]",116.74999999999551,"[45, 31]","[3.949999999999994, 0]","[0, 0]",75
50,"[0, 1]",145.49999999999883,"[48, 48]","[4.849999999999991, 0]","[0, 0]",75
51,"[0, 1]",146.59999999999908,"[50, 50]","[5.09999999999999, 0]","[0, 0]",75
52,"[0, 3]",177.55000000000612,"[51, 78]","[5.1999999999999895, 0]","[0, 0]",75
53,"[0, 1]",150.24999999999991,"[52, 51]","[5.349999999999989, 0]","[0, 0]",75
54,"[2, 1]",122.99999999999515,"[49, 34]","[4.049999999999994, 0]","[0, 0]",75
55,"[2, 3]",152.90000000000052,"[54, 32]","[3.2999999999999963, 0]","[0, 0]",75
56,"[0, 1]",151.35000000000016,"[53, 53]","[5.349999999999989, 0]","[0, 0]",75
57,"[0, 1]",152.45000000000041,"[56, 56]","[5.899999999999987, 0]","[0, 0]",75
58,"[2, 3]",156.10000000000124,"[55, 55]","[3.5499999999999954, 0]","[0, 0]",75
59,"[0, 1]",153.50000000000065,"[57, 57]","[6.199999999999986, 0]","[0, 0]",75
60,"[0, 1]",154.50000000000088,"[59, 59]","[6.299999999999986, 0]","[0, 0]",75
61,"[0, 1]",155.5000000000011,"[60, 60]","[6.299999999999986, 0]","[0, 0]",75
62,"[0, 3]",186.35000000000812,"[61, 52]","[6.649999999999984, 0]","[0, 0]",75
63,"[0, 1]",158.80000000000186,"[62, 61]","[6.949999999999983, 0]","[0, 0]",75
64,"[0, 1]",154.6000000000009,"[63, 63]","[6.349999999999985, 0]","[0, 0]",75
65,"[2, 1]",130.8499999999955,"[58, 40]","[3.999999999999994, 0]","[0, 0]",75
66,"[0, 1]",153.7500000000007,"[64, 64]","[6.349999999999985, 0]","[0, 0]",75
67,"[0, 1]",139.09999999999738,"[66, 66]","[1.1500000000000004, 0]","[0, 0]",75
68,"[0, 1]",138.64999999999728,"[67, 67]","[0, 0]","[0, 0]",75
69,"[0, 1]",133.8999999999962,"[68, 68]","[0, 0]","[0, 0]",75
70,"[0, 1]",134.14999999999625,"[69, 69]","[0, 0]","[0, 0]",75
71,"[0, 1]",132.84999999999596,"[70, 70]","[0, 0]","[0, 0]",75
72,"[0, 1]",133.19999999999604,"[71, 71]","[0, 0]","[0, 0]",75
73,"[0, 1]",133.8499999999962,"[72, 72]","[0, 0]","[0, 0]",75
74,"[0, 1]",132.69999999999592,"[73, 73]","[0, 0]","[0, 0]",75
75,"[0, 1]",132.0999999999958,"[74, 74]","[0, 0]","[0, 0]",75
76,"[2, 1]",142.84999999999823,"[65, 44]","[11.050000000000022, 0]","[6.649999999999984, 0]",75
77,"[0, 1]",132.79999999999595,"[75, 75]","[0.7000000000000001, 0]","[0, 0]",75
78,"[2, 3]",171.90000000000484,"[76, 42]","[4.799999999999991, 0]","[0, 0]",75
79,"[0, 1]",133.4499999999961,"[77, 77]","[1.5000000000000007, 0]","[0, 0]",75
0,"[2, 1]",36.40000000000007,"[-999, -999]","[0, 0]","[0, 0]",76
1,"[2, 1]",38.09999999999997,"[0, 0]","[0, 0]","[0, 0]",76
2,"[2, 1]",39.89999999999987,"[1, 1]","[0, 0]","[0, 0]",76
3,"[2, 1]",41.79999999999976,"[2, 2]","[0, 0]","[0, 0]",76
4,"[0, 3]",96.59999999999665,"[-999, -999]","[0, 0]","[0, 0]",76
5,"[2, 1]",43.54999999999966,"[3, 3]","[0, 0]","[0, 0]",76
6,"[2, 1]",45.04999999999958,"[5, 5]","[0, 0]","[0, 0]",76
7,"[2, 1]",46.349999999999504,"[6, 6]","[0, 0]","[0, 0]",76
8,"[2, 1]",47.399999999999444,"[7, 7]","[0, 0]","[0, 0]",76
9,"[2, 1]",48.449999999999385,"[8, 8]","[0, 0]","[0, 0]",76
10,"[2, 1]",50.09999999999929,"[9, 9]","[0, 0]","[0, 0]",76
11,"[2, 1]",57.34999999999888,"[10, 15]","[0, 0]","[0, 0]",76
12,"[2, 1]",62.94999999999856,"[11, 16]","[0, 0]","[0, 0]",76
13,"[2, 1]",68.14999999999827,"[12, 17]","[10.650000000000016, 0]","[0, 0]",76
14,"[2, 3]",99.49999999999649,"[13, 4]","[22.700000000000188, 0]","[0.05, 0]",76
15,"[0, 1]",72.29999999999804,"[4, 10]","[2.3, 0]","[2.3, 0]",76
16,"[0, 1]",79.24999999999764,"[15, 11]","[2.849999999999998, 0]","[2.849999999999998, 0]",76
17,"[0, 1]",84.89999999999732,"[16, 12]","[2.549999999999999, 0]","[2.549999999999999, 0]",76
18,"[0, 1]",89.94999999999703,"[17, 13]","[2.5999999999999988, 0]","[2.5999999999999988, 0]",76
19,"[0, 3]",122.2499999999952,"[18, 14]","[3.2999999999999963, 0]","[3.2999999999999963, 0]",76
20,"[0, 1]",94.1499999999968,"[19, 25]","[0, 0]","[0, 0]",76
21,"[0, 1]",94.54999999999677,"[20, 20]","[0, 0]","[0, 0]",76
22,"[0, 1]",95.59999999999671,"[21, 21]","[0, 0]","[0, 0]",76
23,"[0, 1]",101.44999999999638,"[22, 27]","[2.4499999999999993, 0]","[2.4499999999999993, 0]",76
24,"[0, 1]",101.79999999999636,"[23, 23]","[0, 0]","[0, 0]",76
25,"[2, 1]",71.84999999999806,"[14, 18]","[20.350000000000154, 0]","[0, 0]",76
26,"[0, 1]",107.19999999999605,"[24, 30]","[2.499999999999999, 0]","[2.499999999999999, 0]",76
27,"[2, 1]",90.84999999999698,"[25, 22]","[28.40000000000027, 0]","[9.800000000000004, 0]",76
28,"[0, 1]",107.59999999999603,"[26, 26]","[0, 0]","[0, 0]",76
29,"[2, 3]",119.74999999999534,"[27, 19]","[17.050000000000107, 0]","[0, 0]",76
30,"[2, 1]",96.79999999999664,"[29, 24]","[15.550000000000086, 0]","[0, 0]",76
31,"[0, 1]",113.4499999999957,"[28, 33]","[2.4499999999999993, 0]","[2.4499999999999993, 0]",76
32,"[0, 1]",113.74999999999568,"[31, 31]","[0, 0]","[0, 0]",76
33,"[2, 1]",107.94999999999601,"[30, 28]","[16.900000000000105, 0]","[2.849999999999998, 0]",76
34,"[0, 1]",119.19999999999537,"[32, 41]","[2.4499999999999993, 0]","[2.4499999999999993, 0]",76
35,"[0, 1]",119.69999999999534,"[34, 34]","[0, 0]","[0, 0]",76
36,"[0, 1]",124.99999999999504,"[35, 45]","[2.4499999999999993, 0]","[2.4499999999999993, 0]",76
37,"[0, 1]",125.49999999999501,"[36, 36]","[0, 0]","[0, 0]",76
38,"[0, 1]",130.7999999999955,"[37, 50]","[2.3999999999999995, 0]","[2.3999999999999995, 0]",76
39,"[2, 3]",136.79999999999686,"[33, 29]","[12.600000000000044, 0]","[0, 0]",76
40,"[0, 1]",137.19999999999695,"[38, 51]","[2.5999999999999988, 0]","[2.5999999999999988, 0]",76
41,"[2, 1]",114.04999999999566,"[39, 32]","[11.150000000000023, 0]","[0, 0]",76
42,"[2, 3]",144.24999999999855,"[41, 39]","[9.700000000000003, 0]","[0, 0]",76
43,"[0, 3]",165.6000000000034,"[40, 49]","[0, 0]","[0, 0]",76
44,"[0, 1]",136.84999999999687,"[43, 53]","[0, 0]","[0, 0]",76
45,"[2, 1]",120.5499999999953,"[42, 35]","[8.249999999999982, 0]","[0, 0]",76
46,"[0, 1]",142.44999999999814,"[44, 54]","[2.499999999999999, 0]","[2.499999999999999, 0]",76
47,"[0, 1]",142.84999999999823,"[46, 46]","[0, 0]","[0, 0]",76
48,"[0, 1]",148.14999999999944,"[47, 60]","[2.499999999999999, 0]","[2.499999999999999, 0]",76
49,"[2, 3]",150.6,"[45, 42]","[8.499999999999986, 0]","[0, 0]",76
50,"[2, 1]",127.04999999999492,"[49, 37]","[9.700000000000003, 0]","[0, 0]",76
51,"[2, 1]",132.94999999999598,"[50, 38]","[9.950000000000006, 0]","[0, 0]",76
52,"[0, 1]",148.64999999999955,"[48, 48]","[0, 0]","[0, 0]",76
53,"[2, 1]",138.04999999999714,"[51, 40]","[10.800000000000018, 0]","[0, 0]",76
54,"[2, 1]",144.14999999999853,"[53, 44]","[12.250000000000039, 0]","[0, 0]",76
55,"[2, 3]",174.25000000000537,"[54, 43]","[18.00000000000012, 0]","[0, 0]",76
56,"[0, 1]",153.95000000000076,"[52, 66]","[2.3999999999999995, 0]","[2.3999999999999995, 0]",76
57,"[0, 1]",154.45000000000087,"[56, 56]","[0, 0]","[0, 0]",76
58,"[0, 1]",155.4500000000011,"[57, 57]","[0, 0]","[0, 0]",76
59,"[0, 1]",156.55000000000135,"[58, 58]","[0, 0]","[0, 0]",76
60,"[2, 1]",150.54999999999998,"[55, 47]","[19.650000000000144, 0]","[0, 0]",76
61,"[0, 1]",157.6000000000016,"[59, 59]","[0, 0]","[0, 0]",76
62,"[0, 3]",188.5000000000086,"[61, 65]","[0.44999999999999996, 0]","[0, 0]",76
63,"[0, 1]",161.30000000000243,"[62, 61]","[0.9500000000000003, 0]","[0, 0]",76
64,"[0, 1]",162.4500000000027,"[63, 63]","[1.2000000000000004, 0]","[0, 0]",76
65,"[2, 3]",180.60000000000682,"[60, 55]","[23.350000000000197, 0]","[0, 0]",76
66,"[2, 1]",157.05000000000146,"[65, 52]","[28.250000000000266, 0]","[0, 0]",76
67,"[0, 1]",163.50000000000293,"[64, 64]","[2.000000000000001, 0]","[0, 0]",76
68,"[0, 1]",164.3000000000031,"[67, 67]","[3.599999999999995, 0]","[0, 0]",76
69,"[0, 1]",160.7500000000023,"[68, 68]","[5.249999999999989, 0]","[0, 0]",76
70,"[0, 1]",160.90000000000234,"[69, 69]","[5.299999999999989, 0]","[0, 0]",76
71,"[0, 1]",155.55000000000112,"[70, 70]","[4.599999999999992, 0]","[0, 0]",76
72,"[0, 1]",155.9500000000012,"[71, 71]","[3.999999999999994, 0]","[0, 0]",76
73,"[0, 1]",151.65000000000023,"[72, 72]","[3.949999999999994, 0]","[0, 0]",76
74,"[0, 1]",151.9500000000003,"[73, 73]","[3.2499999999999964, 0]","[0, 0]",76
75,"[0, 1]",147.64999999999932,"[74, 74]","[3.1999999999999966, 0]","[0, 0]",76
76,"[0, 3]",177.9000000000062,"[75, -999]","[2.3, 0]","[0, 0]",76
77,"[0, 1]",144.79999999999868,"[76, 75]","[1.7000000000000008, 0]","[0, 0]",76
78,"[0, 1]",139.29999999999742,"[77, 77]","[0, 0]","[0, 0]",76
79,"[0, 1]",139.2499999999974,"[78, 78]","[0, 0]","[0, 0]",76
0,"[2, 1]",36.40000000000007,"[-999, -999]","[0, 0]","[0, 0]",77
1,"[0, 1]",76.4999999999978,"[-999, 9]","[0, 0]","[2.499999999999999, 0]",77
2,"[2, 1]",38.09999999999997,"[0, 0]","[0, 0]","[0, 0]",77
3,"[2, 1]",39.89999999999987,"[2, 2]","[0, 0]","[0, 0]",77
4,"[0, 3]",103.44999999999627,"[1, -999]","[0, 0]","[0, 0]",77
5,"[2, 1]",41.79999999999976,"[3, 3]","[0, 0]","[0, 0]",77
6,"[2, 1]",43.54999999999966,"[5, 5]","[0, 0]","[0, 0]",77
7,"[2, 1]",45.04999999999958,"[6, 6]","[0, 0]","[0, 0]",77
8,"[2, 1]",46.349999999999504,"[7, 7]","[0, 0]","[0, 0]",77
9,"[2, 1]",47.399999999999444,"[8, 8]","[0, 0]","[0, 0]",77
10,"[2, 1]",53.349999999999106,"[9, 1]","[3.4499999999999957, 0]","[3.4499999999999957, 0]",77
11,"[2, 1]",70.49999999999814,"[10, 16]","[12.30000000000004, 0]","[8.84999999999999, 0]",77
12,"[2, 1]",75.44999999999786,"[11, 17]","[22.95000000000019, 0]","[1.5000000000000007, 0]",77
13,"[2, 1]",87.64999999999716,"[12, 20]","[29.85000000000029, 0]","[6.549999999999985, 0]",77
14,"[0, 1]",71.94999999999806,"[4, 10]","[0, 0]","[0, 0]",77
15,"[0, 1]",73.34999999999798,"[14, 14]","[0, 0]","[0, 0]",77
16,"[0, 1]",74.54999999999791,"[15, 15]","[0, 0]","[0, 0]",77
17,"[0, 1]",80.54999999999757,"[16, 11]","[2.3999999999999995, 0]","[2.3999999999999995, 0]",77
18,"[0, 3]",110.44999999999587,"[17, 4]","[0, 0]","[0, 0]",77
19,"[0, 1]",82.09999999999748,"[18, 12]","[0, 0]","[0, 0]",77
20,"[0, 1]",82.89999999999743,"[19, 19]","[0, 0]","[0, 0]",77
21,"[2, 1]",103.24999999999628,"[13, 24]","[38.749999999999936, 0]","[9.850000000000005, 0]",77
22,"[0, 1]",88.89999999999709,"[20, 13]","[2.3999999999999995, 0]","[2.3999999999999995, 0]",77
23,"[0, 1]",89.29999999999707,"[22, 22]","[0, 0]","[0, 0]",77
24,"[0, 1]",90.24999999999702,"[23, 23]","[0, 0]","[0, 0]",77
25,"[0, 1]",96.24999999999667,"[24, 21]","[2.499999999999999, 0]","[2.499999999999999, 0]",77
26,"[0, 1]",101.94999999999635,"[25, 29]","[2.849999999999998, 0]","[2.849999999999998, 0]",77
27,"[0, 1]",101.94999999999635,"[26, 26]","[0, 0]","[0, 0]",77
28,"[0, 1]",107.59999999999603,"[27, 33]","[2.499999999999999, 0]","[2.499999999999999, 0]",77
29,"[2, 1]",108.099999999996,"[21, 25]","[26.550000000000242, 0]","[0, 0]",77
30,"[0, 1]",113.79999999999568,"[28, 35]","[2.6499999999999986, 0]","[2.6499999999999986, 0]",77
31,"[0, 1]",118.94999999999538,"[30, 38]","[2.3999999999999995, 0]","[2.3999999999999995, 0]",77
32,"[0, 1]",118.39999999999542,"[31, 31]","[0, 0]","[0, 0]",77
33,"[2, 1]",119.54999999999535,"[29, 27]","[27.75000000000026, 0]","[2.8999999999999977, 0]",77
34,"[0, 3]",152.25000000000037,"[32, 43]","[0, 0]","[0, 0]",77
35,"[2, 1]",124.44999999999507,"[33, 28]","[23.300000000000196, 0]","[0, 0]",77
36,"[0, 1]",123.44999999999513,"[34, 47]","[0.8500000000000002, 0]","[0, 0]",77
37,"[0, 1]",124.29999999999508,"[36, 36]","[1.4000000000000006, 0]","[0, 0]",77
38,"[2, 1]",129.64999999999523,"[35, 30]","[21.800000000000175, 0]","[0, 0]",77
39,"[2, 3]",160.05000000000214,"[38, -999]","[20.400000000000155, 0]","[0, 0]",77
40,"[0, 1]",125.29999999999502,"[37, 37]","[1.5500000000000007, 0]","[0, 0]",77
41,"[0, 1]",131.44999999999564,"[40, 48]","[4.299999999999993, 0]","[2.5999999999999988, 0]",77
42,"[0, 1]",131.7499999999957,"[41, 41]","[1.7500000000000009, 0]","[0, 0]",77
43,"[2, 3]",163.4000000000029,"[39, 39]","[20.950000000000163, 0]","[0, 0]",77
44,"[0, 1]",136.9499999999969,"[42, 51]","[4.249999999999993, 0]","[2.3999999999999995, 0]",77
45,"[0, 1]",137.49999999999702,"[44, 44]","[1.900000000000001, 0]","[0, 0]",77
46,"[0, 1]",143.34999999999835,"[45, 54]","[4.399999999999992, 0]","[2.499999999999999, 0]",77
47,"[2, 1]",134.54999999999634,"[43, 32]","[20.75000000000016, 0]","[0, 0]",77
48,"[2, 1]",153.50000000000065,"[47, 40]","[32.3000000000003, 0]","[9.900000000000006, 0]",77
49,"[2, 3]",182.55000000000726,"[48, 34]","[24.90000000000022, 0]","[0, 0]",77
50,"[0, 1]",148.99999999999963,"[46, 60]","[4.6499999999999915, 0]","[2.6999999999999984, 0]",77
51,"[2, 1]",159.450000000002,"[49, 42]","[29.350000000000282, 0]","[0, 0]",77
52,"[0, 1]",154.95000000000098,"[50, 63]","[3.899999999999994, 0]","[2.000000000000001, 0]",77
53,"[0, 3]",183.30000000000743,"[52, -999]","[1.900000000000001, 0]","[0, 0]",77
54,"[2, 1]",170.8500000000046,"[51, 45]","[34.45000000000018, 0]","[2.7499999999999982, 0]",77
55,"[0, 1]",155.20000000000104,"[53, 65]","[1.850000000000001, 0]","[0, 0]",77
56,"[0, 1]",156.3500000000013,"[55, 55]","[2.6499999999999986, 0]","[0, 0]",77
57,"[0, 1]",157.35000000000153,"[56, 56]","[2.9999999999999973, 0]","[0, 0]",77
58,"[0, 1]",158.40000000000177,"[57, 57]","[3.999999999999994, 0]","[0, 0]",77
59,"[0, 1]",159.450000000002,"[58, 58]","[4.799999999999991, 0]","[0, 0]",77
60,"[2, 1]",175.80000000000572,"[54, 46]","[33.500000000000234, 0]","[0, 0]",77
61,"[0, 1]",160.45000000000223,"[59, 59]","[5.249999999999989, 0]","[0, 0]",77
62,"[0, 1]",161.50000000000247,"[61, 61]","[5.649999999999988, 0]","[0, 0]",77
63,"[2, 1]",181.350000000007,"[60, 50]","[35.8500000000001, 0]","[0, 0]",77
64,"[0, 1]",162.5500000000027,"[62, 62]","[5.999999999999987, 0]","[0, 0]",77
65,"[2, 1]",186.80000000000823,"[63, 52]","[36.00000000000009, 0]","[0, 0]",77
66,"[0, 1]",163.45000000000292,"[64, 64]","[6.299999999999986, 0]","[0, 0]",77
67,"[0, 1]",164.15000000000308,"[66, 66]","[6.5999999999999845, 0]","[0, 0]",77
68,"[0, 1]",161.85000000000255,"[67, 67]","[6.699999999999984, 0]","[0, 0]",77
69,"[0, 1]",160.2500000000022,"[68, 68]","[6.499999999999985, 0]","[0, 0]",77
70,"[0, 1]",148.54999999999953,"[69, 69]","[4.149999999999993, 0]","[0, 0]",77
71,"[0, 1]",148.24999999999946,"[70, 70]","[4.3499999999999925, 0]","[0, 0]",77
72,"[0, 1]",148.99999999999963,"[71, 71]","[4.449999999999992, 0]","[0, 0]",77
73,"[0, 1]",149.49999999999974,"[72, 72]","[5.1999999999999895, 0]","[0, 0]",77
74,"[0, 1]",147.34999999999926,"[73, 73]","[5.749999999999988, 0]","[0, 0]",77
75,"[0, 1]",147.44999999999928,"[74, 74]","[6.099999999999986, 0]","[0, 0]",77
76,"[0, 3]",177.8500000000062,"[75, -999]","[6.449999999999985, 0]","[0, 0]",77
77,"[0, 1]",149.54999999999976,"[76, 75]","[6.649999999999984, 0]","[0, 0]",77
78,"[0, 1]",142.84999999999823,"[77, 77]","[6.799999999999984, 0]","[0, 0]",77
79,"[0, 1]",143.0999999999983,"[78, 78]","[6.149999999999986, 0]","[0, 0]",77
0,"[0, 1]",73.89999999999795,"[-999, 7]","[0, 0]","[2.3999999999999995, 0]",78
1,"[2, 1]",36.40000000000007,"[-999, -999]","[0, 0]","[0, 0]",78
2,"[2, 1]",38.09999999999997,"[1, 1]","[0, 0]","[0, 0]",78
3,"[2, 1]",39.89999999999987,"[2, 2]","[0, 0]","[0, 0]",78
4,"[2, 1]",41.79999999999976,"[3, 3]","[0, 0]","[0, 0]",78
5,"[2, 1]",43.54999999999966,"[4, 4]","[0, 0]","[0, 0]",78
6,"[2, 1]",45.04999999999958,"[5, 5]","[0, 0]","[0, 0]",78
7,"[2, 1]",46.349999999999504,"[6, 6]","[0, 0]","[0, 0]",78
8,"[2, 1]",52.54999999999915,"[7, 0]","[1.4000000000000006, 0]","[1.4000000000000006, 0]",78
9,"[2, 1]",52.69999999999914,"[8, 8]","[3.1999999999999966, 0]","[3.1999999999999966, 0]",78
10,"[2, 1]",59.29999999999877,"[9, 15]","[6.949999999999983, 0]","[2.2, 0]",78
11,"[2, 1]",64.54999999999848,"[10, 16]","[13.450000000000056, 0]","[1.1500000000000004, 0]",78
12,"[2, 1]",69.99999999999817,"[11, 17]","[17.500000000000114, 0]","[0, 0]",78
13,"[2, 1]",76.29999999999781,"[12, 21]","[18.350000000000126, 0]","[0, 0]",78
14,"[2, 1]",81.6499999999975,"[13, 23]","[15.950000000000092, 0]","[0, 0]",78
15,"[0, 1]",71.69999999999807,"[0, 9]","[0, 0]","[0, 0]",78
16,"[0, 1]",79.09999999999765,"[15, 10]","[2.0500000000000007, 0]","[2.0500000000000007, 0]",78
17,"[0, 1]",84.19999999999736,"[16, 11]","[2.6999999999999984, 0]","[2.6999999999999984, 0]",78
18,"[0, 3]",110.54999999999586,"[17, -999]","[0, 0]","[0, 0]",78
19,"[2, 3]",111.5499999999958,"[14, 18]","[14.350000000000069, 0]","[0, 0]",78
20,"[2, 1]",87.19999999999719,"[19, 25]","[12.850000000000048, 0]","[0, 0]",78
21,"[0, 1]",84.14999999999736,"[18, 12]","[0, 0]","[0, 0]",78
22,"[2, 1]",99.3499999999965,"[20, 28]","[13.900000000000063, 0]","[2.3999999999999995, 0]",78
23,"[0, 1]",89.44999999999706,"[21, 13]","[2.4499999999999993, 0]","[2.4499999999999993, 0]",78
24,"[0, 1]",95.7499999999967,"[23, 14]","[2.7499999999999982, 0]","[2.7499999999999982, 0]",78
25,"[0, 1]",95.14999999999674,"[24, 24]","[0, 0]","[0, 0]",78
26,"[0, 1]",101.74999999999636,"[25, 20]","[2.9499999999999975, 0]","[2.9499999999999975, 0]",78
27,"[2, 1]",104.34999999999621,"[22, 29]","[10.100000000000009, 0]","[0, 0]",78
28,"[0, 1]",101.1499999999964,"[26, 26]","[0, 0]","[0, 0]",78
29,"[0, 1]",106.64999999999608,"[28, 22]","[2.4499999999999993, 0]","[2.4499999999999993, 0]",78
30,"[0, 3]",136.4999999999968,"[29, 19]","[0, 0]","[0, 0]",78
31,"[0, 1]",107.89999999999601,"[30, 27]","[0, 0]","[0, 0]",78
32,"[0, 1]",108.79999999999596,"[31, 31]","[0.8000000000000002, 0]","[0, 0]",78
33,"[0, 1]",109.8999999999959,"[32, 32]","[1.2500000000000004, 0]","[0, 0]",78
34,"[2, 1]",121.34999999999525,"[27, 33]","[18.65000000000013, 0]","[9.900000000000006, 0]",78
35,"[2, 1]",126.29999999999497,"[34, 36]","[7.349999999999982, 0]","[0, 0]",78
36,"[0, 1]",115.84999999999556,"[33, 34]","[4.099999999999993, 0]","[2.4499999999999993, 0]",78
37,"[0, 1]",122.1999999999952,"[36, 35]","[4.199999999999993, 0]","[2.3, 0]",78
38,"[0, 1]",127.29999999999491,"[37, 41]","[4.499999999999992, 0]","[2.25, 0]",78
39,"[0, 1]",132.34999999999584,"[38, 42]","[4.799999999999991, 0]","[2.3499999999999996, 0]",78
40,"[0, 1]",137.34999999999698,"[39, 49]","[5.09999999999999, 0]","[2.4499999999999993, 0]",78
41,"[2, 1]",131.49999999999565,"[35, 37]","[7.4499999999999815, 0]","[0, 0]",78
42,"[2, 1]",137.0499999999969,"[41, 38]","[7.349999999999982, 0]","[0, 0]",78
43,"[0, 1]",142.39999999999813,"[40, 51]","[5.299999999999989, 0]","[2.499999999999999, 0]",78
44,"[0, 1]",147.39999999999927,"[43, 54]","[5.599999999999988, 0]","[2.5999999999999988, 0]",78
45,"[0, 1]",152.4000000000004,"[44, 55]","[5.799999999999987, 0]","[2.6499999999999986, 0]",78
46,"[0, 1]",157.40000000000154,"[45, 69]","[5.799999999999987, 0]","[2.499999999999999, 0]",78
47,"[0, 1]",156.8000000000014,"[46, 46]","[3.4499999999999957, 0]","[0, 0]",78
48,"[0, 1]",157.45000000000155,"[47, 47]","[3.649999999999995, 0]","[0, 0]",78
49,"[2, 1]",142.44999999999814,"[42, 39]","[6.8999999999999835, 0]","[0, 0]",78
50,"[0, 3]",188.30000000000857,"[48, -999]","[4.199999999999993, 0]","[0, 0]",78
51,"[2, 1]",147.84999999999937,"[49, 40]","[6.249999999999986, 0]","[0, 0]",78
52,"[0, 1]",161.05000000000237,"[50, 48]","[4.6499999999999915, 0]","[0, 0]",78
53,"[0, 1]",162.20000000000263,"[52, 52]","[5.549999999999988, 0]","[0, 0]",78
54,"[2, 1]",153.35000000000062,"[51, 43]","[6.999999999999983, 0]","[0, 0]",78
55,"[2, 1]",158.75000000000185,"[54, 44]","[9.399999999999999, 0]","[0, 0]",78
56,"[0, 1]",163.30000000000288,"[53, 53]","[5.949999999999987, 0]","[0, 0]",78
57,"[0, 1]",164.35000000000312,"[56, 56]","[6.249999999999986, 0]","[0, 0]",78
58,"[0, 1]",165.35000000000335,"[57, 57]","[6.5999999999999845, 0]","[0, 0]",78
59,"[0, 1]",166.4500000000036,"[58, 58]","[6.299999999999986, 0]","[0, 0]",78
60,"[0, 1]",167.50000000000384,"[59, 59]","[5.699999999999988, 0]","[0, 0]",78
61,"[0, 1]",168.45000000000405,"[60, 60]","[4.99999999999999, 0]","[0, 0]",78
62,"[0, 1]",168.80000000000413,"[61, 61]","[4.449999999999992, 0]","[0, 0]",78
63,"[0, 1]",161.55000000000248,"[62, 62]","[4.099999999999993, 0]","[0, 0]",78
64,"[0, 1]",162.0500000000026,"[63, 63]","[5.09999999999999, 0]","[0, 0]",78
65,"[0, 1]",157.45000000000155,"[64, 64]","[5.749999999999988, 0]","[0, 0]",78
66,"[0, 1]",158.1000000000017,"[65, 65]","[5.899999999999987, 0]","[0, 0]",78
67,"[0, 1]",159.10000000000193,"[66, 66]","[5.4999999999999885, 0]","[0, 0]",78
68,"[0, 1]",159.95000000000212,"[67, 67]","[5.1999999999999895, 0]","[0, 0]",78
69,"[2, 1]",164.15000000000308,"[55, 45]","[12.600000000000044, 0]","[0, 0]",78
70,"[0, 3]",190.7000000000091,"[68, -999]","[5.299999999999989, 0]","[0, 0]",78
71,"[0, 1]",159.15000000000194,"[70, 68]","[5.349999999999989, 0]","[0, 0]",78
72,"[0, 1]",155.75000000000117,"[71, 71]","[5.399999999999989, 0]","[0, 0]",78
73,"[0, 1]",154.6000000000009,"[72, 72]","[5.449999999999989, 0]","[0, 0]",78
74,"[0, 1]",150.34999999999994,"[73, 73]","[5.4999999999999885, 0]","[0, 0]",78
75,"[0, 1]",146.84999999999914,"[74, 74]","[5.449999999999989, 0]","[0, 0]",78
76,"[0, 3]",173.1000000000051,"[75, 70]","[5.4999999999999885, 0]","[0, 0]",78
77,"[0, 1]",140.79999999999777,"[76, 75]","[5.449999999999989, 0]","[0, 0]",78
78,"[0, 1]",126.39999999999496,"[77, 77]","[0, 0]","[0, 0]",78
79,"[0, 1]",126.74999999999494,"[78, 78]","[0, 0]","[0, 0]",78
0,"[2, 3]",67.7499999999983,"[-999, -999]","[0, 0]","[0, 0]",79
1,"[2, 1]",37.15000000000003,"[0, -999]","[0, 0]","[0, 0]",79
2,"[2, 1]",38.89999999999993,"[1, 1]","[0, 0]","[0, 0]",79
3,"[2, 1]",40.74999999999982,"[2, 2]","[0, 0]","[0, 0]",79
4,"[2, 1]",42.54999999999972,"[3, 3]","[0, 0]","[0, 0]",79
5,"[2, 1]",44.09999999999963,"[4, 4]","[0, 0]","[0, 0]",79
6,"[2, 1]",45.54999999999955,"[5, 5]","[0, 0]","[0, 0]",79
7,"[2, 1]",46.849999999999476,"[6, 6]","[0, 0]","[0, 0]",79
8,"[2, 1]",47.64999999999943,"[7, 7]","[0, 0]","[0, 0]",79
9,"[2, 1]",49.04999999999935,"[8, 8]","[0, 0]","[0, 0]",79
10,"[2, 1]",66.59999999999836,"[9, 16]","[9.650000000000002, 0]","[9.650000000000002, 0]",79
11,"[2, 1]",71.49999999999808,"[10, 17]","[0, 0]","[0, 0]",79
12,"[2, 3]",101.39999999999638,"[11, -999]","[23.6500000000002, 0]","[0.3, 0]",79
13,"[2, 1]",77.64999999999773,"[12, 21]","[24.850000000000218, 0]","[0, 0]",79
14,"[0, 1]",71.64999999999807,"[-999, 9]","[0, 0]","[1.7000000000000008, 0]",79
15,"[0, 1]",73.09999999999799,"[14, 14]","[0, 0]","[0, 0]",79
16,"[0, 1]",74.24999999999793,"[15, 15]","[0, 0]","[0, 0]",79
17,"[0, 1]",80.24999999999758,"[16, 10]","[2.499999999999999, 0]","[2.499999999999999, 0]",79
18,"[2, 1]",89.39999999999706,"[13, 24]","[25.500000000000227, 0]","[2.9999999999999973, 0]",79
19,"[0, 1]",86.19999999999725,"[17, 11]","[2.8999999999999977, 0]","[2.8999999999999977, 0]",79
20,"[2, 1]",94.24999999999679,"[18, 25]","[20.80000000000016, 0]","[0, 0]",79
21,"[0, 1]",85.94999999999726,"[19, 19]","[0, 0]","[0, 0]",79
22,"[2, 1]",99.89999999999647,"[20, 26]","[19.30000000000014, 0]","[0, 0]",79
23,"[0, 1]",91.09999999999697,"[21, 13]","[2.3999999999999995, 0]","[2.3999999999999995, 0]",79
24,"[0, 1]",91.59999999999694,"[23, 23]","[0, 0]","[0, 0]",79
25,"[0, 1]",97.5499999999966,"[24, 18]","[2.499999999999999, 0]","[2.499999999999999, 0]",79
26,"[0, 1]",102.7999999999963,"[25, 20]","[2.6499999999999986, 0]","[2.6499999999999986, 0]",79
27,"[2, 1]",105.19999999999617,"[22, 28]","[17.90000000000012, 0]","[0, 0]",79
28,"[0, 1]",108.99999999999595,"[26, 22]","[2.0500000000000007, 0]","[2.0500000000000007, 0]",79
29,"[2, 1]",110.59999999999586,"[27, 30]","[16.4500000000001, 0]","[0, 0]",79
30,"[0, 1]",114.09999999999566,"[28, 27]","[2.4499999999999993, 0]","[2.4499999999999993, 0]",79
31,"[0, 1]",119.14999999999537,"[30, 29]","[2.3999999999999995, 0]","[2.3999999999999995, 0]",79
32,"[0, 1]",124.14999999999509,"[31, 36]","[2.7499999999999982, 0]","[2.7499999999999982, 0]",79
33,"[0, 1]",129.19999999999513,"[32, 37]","[2.549999999999999, 0]","[2.549999999999999, 0]",79
34,"[0, 3]",157.6000000000016,"[33, -999]","[0, 0]","[0, 0]",79
35,"[0, 1]",128.94999999999507,"[34, 38]","[0, 0]","[0, 0]",79
36,"[2, 1]",116.09999999999555,"[29, 31]","[15.050000000000079, 0]","[0, 0]",79
37,"[2, 1]",121.49999999999524,"[36, 32]","[13.600000000000058, 0]","[0, 0]",79
38,"[2, 1]",126.99999999999493,"[37, 33]","[13.300000000000054, 0]","[0, 0]",79
39,"[0, 1]",135.74999999999662,"[35, 41]","[2.6999999999999984, 0]","[2.6999999999999984, 0]",79
40,"[0, 1]",140.9499999999978,"[39, 42]","[2.9499999999999975, 0]","[2.25, 0]",79
41,"[2, 1]",133.4499999999961,"[38, 35]","[13.250000000000053, 0]","[0, 0]",79
42,"[2, 1]",138.44999999999723,"[41, 39]","[12.850000000000048, 0]","[0, 0]",79
43,"[2, 3]",168.90000000000416,"[42, 34]","[13.900000000000063, 0]","[0, 0]",79
44,"[0, 1]",140.39999999999768,"[40, 40]","[0.6, 0]","[0, 0]",79
45,"[0, 1]",140.9999999999978,"[44, 44]","[0.2, 0]","[0, 0]",79
46,"[0, 1]",146.84999999999914,"[45, 47]","[2.4499999999999993, 0]","[2.4499999999999993, 0]",79
47,"[2, 1]",151.20000000000013,"[43, 45]","[18.60000000000013, 0]","[1.7000000000000008, 0]",79
48,"[0, 3]",178.3000000000063,"[46, 50]","[0, 0]","[0, 0]",79
49,"[0, 1]",150.49999999999997,"[48, 51]","[0, 0]","[0, 0]",79
50,"[2, 3]",180.20000000000672,"[47, 43]","[18.00000000000012, 0]","[0, 0]",79
51,"[2, 1]",152.45000000000041,"[50, 46]","[17.750000000000117, 0]","[0, 0]",79
52,"[0, 1]",150.90000000000006,"[49, 49]","[2.2, 0]","[0, 0]",79
53,"[2, 1]",171.3500000000047,"[51, 55]","[27.10000000000025, 0]","[9.950000000000006, 0]",79
54,"[2, 1]",176.45000000000587,"[53, 56]","[16.350000000000097, 0]","[0, 0]",79
55,"[0, 1]",151.85000000000028,"[52, 52]","[4.199999999999993, 0]","[0, 0]",79
56,"[0, 1]",158.45000000000178,"[55, 53]","[7.4499999999999815, 0]","[2.499999999999999, 0]",79
57,"[0, 1]",164.45000000000314,"[56, 54]","[7.499999999999981, 0]","[2.2, 0]",79
58,"[0, 1]",169.60000000000431,"[57, 65]","[7.699999999999981, 0]","[2.2, 0]",79
59,"[0, 1]",168.95000000000417,"[58, 58]","[5.599999999999988, 0]","[0, 0]",79
60,"[0, 1]",169.5500000000043,"[59, 59]","[5.749999999999988, 0]","[0, 0]",79
61,"[0, 1]",170.60000000000454,"[60, 60]","[5.999999999999987, 0]","[0, 0]",79
62,"[0, 1]",171.7000000000048,"[61, 61]","[6.449999999999985, 0]","[0, 0]",79
63,"[0, 1]",172.70000000000502,"[62, 62]","[6.649999999999984, 0]","[0, 0]",79
64,"[0, 1]",173.75000000000526,"[63, 63]","[6.799999999999984, 0]","[0, 0]",79
65,"[2, 1]",181.9000000000071,"[54, 57]","[17.750000000000117, 0]","[0, 0]",79
66,"[0, 1]",174.60000000000545,"[64, 64]","[6.949999999999983, 0]","[0, 0]",79
67,"[0, 1]",174.70000000000547,"[66, 66]","[6.8999999999999835, 0]","[0, 0]",79
68,"[0, 1]",173.1000000000051,"[67, 67]","[6.999999999999983, 0]","[0, 0]",79
69,"[0, 1]",169.1000000000042,"[68, 68]","[7.049999999999983, 0]","[0, 0]",79
70,"[0, 1]",154.5500000000009,"[69, 69]","[1.0500000000000003, 0]","[0, 0]",79
71,"[0, 1]",154.05000000000078,"[70, 70]","[0, 0]","[0, 0]",79
72,"[0, 1]",149.39999999999972,"[71, 71]","[0, 0]","[0, 0]",79
73,"[0, 1]",149.49999999999974,"[72, 72]","[0, 0]","[0, 0]",79
74,"[0, 1]",147.9999999999994,"[73, 73]","[0.5499999999999999, 0]","[0, 0]",79
75,"[0, 1]",148.49999999999952,"[74, 74]","[0.44999999999999996, 0]","[0, 0]",79
76,"[2, 3]",212.50000000001407,"[65, 48]","[19.40000000000014, 0]","[0, 0]",79
77,"[0, 1]",148.99999999999963,"[75, 75]","[0, 0]","[0, 0]",79
78,"[2, 3]",215.80000000001482,"[76, 76]","[22.25000000000018, 0]","[0, 0]",79
79,"[0, 1]",141.09999999999783,"[77, 77]","[0, 0]","[0, 0]",79
0,"[2, 1]",36.40000000000007,"[-999, -999]","[0, 0]","[0, 0]",80
1,"[2, 1]",38.09999999999997,"[0, 0]","[0, 0]","[0, 0]",80
2,"[2, 1]",39.89999999999987,"[1, 1]","[0, 0]","[0, 0]",80
3,"[2, 1]",41.79999999999976,"[2, 2]","[0, 0]","[0, 0]",80
4,"[2, 1]",43.54999999999966,"[3, 3]","[0, 0]","[0, 0]",80
5,"[2, 1]",45.099999999999575,"[4, 4]","[0, 0]","[0, 0]",80
6,"[2, 1]",46.349999999999504,"[5, 5]","[0, 0]","[0, 0]",80
7,"[2, 1]",47.399999999999444,"[6, 6]","[0, 0]","[0, 0]",80
8,"[2, 1]",48.54999999999938,"[7, 7]","[0, 0]","[0, 0]",80
9,"[2, 1]",69.99999999999817,"[8, 16]","[13.350000000000055, 0]","[13.350000000000055, 0]",80
10,"[2, 1]",73.99999999999794,"[9, 17]","[0, 0]","[0, 0]",80
11,"[2, 1]",79.59999999999762,"[10, 18]","[0, 0]","[0, 0]",80
12,"[0, 1]",68.94999999999823,"[-999, 8]","[0, 0]","[0, 0]",80
13,"[2, 1]",85.09999999999731,"[11, 19]","[28.000000000000263, 0]","[0, 0]",80
14,"[0, 1]",70.44999999999814,"[12, 12]","[0, 0]","[0, 0]",80
15,"[0, 1]",71.34999999999809,"[14, 14]","[0, 0]","[0, 0]",80
16,"[0, 1]",72.04999999999805,"[15, 15]","[0, 0]","[0, 0]",80
17,"[0, 1]",78.74999999999767,"[16, 9]","[1.4000000000000006, 0]","[1.4000000000000006, 0]",80
18,"[0, 1]",83.84999999999738,"[17, 10]","[2.3999999999999995, 0]","[2.3999999999999995, 0]",80
19,"[0, 1]",88.99999999999709,"[18, 11]","[2.25, 0]","[2.25, 0]",80
20,"[0, 1]",93.9999999999968,"[19, 13]","[2.549999999999999, 0]","[2.549999999999999, 0]",80
21,"[0, 1]",98.99999999999652,"[20, 23]","[2.799999999999998, 0]","[2.799999999999998, 0]",80
22,"[0, 1]",104.09999999999623,"[21, 27]","[2.499999999999999, 0]","[2.499999999999999, 0]",80
23,"[2, 1]",90.449999999997,"[13, 20]","[33.20000000000025, 0]","[0, 0]",80
24,"[0, 1]",109.09999999999594,"[22, 29]","[2.549999999999999, 0]","[2.549999999999999, 0]",80
25,"[0, 1]",114.19999999999565,"[24, 32]","[2.1500000000000004, 0]","[2.1500000000000004, 0]",80
26,"[0, 1]",113.59999999999569,"[25, 25]","[0, 0]","[0, 0]",80
27,"[2, 1]",95.94999999999669,"[23, 21]","[30.850000000000303, 0]","[0, 0]",80
28,"[0, 1]",118.49999999999541,"[26, 34]","[2.549999999999999, 0]","[2.549999999999999, 0]",80
29,"[2, 1]",101.39999999999638,"[27, 22]","[29.20000000000028, 0]","[0, 0]",80
30,"[0, 1]",124.34999999999508,"[28, 35]","[2.799999999999998, 0]","[2.799999999999998, 0]",80
31,"[0, 1]",130.3999999999954,"[30, 41]","[1.950000000000001, 0]","[1.950000000000001, 0]",80
32,"[2, 1]",106.89999999999607,"[29, 24]","[27.650000000000258, 0]","[0, 0]",80
33,"[2, 3]",136.44999999999678,"[32, -999]","[26.200000000000237, 0]","[0, 0]",80
34,"[2, 1]",113.14999999999571,"[33, 26]","[24.800000000000217, 0]","[0, 0]",80
35,"[2, 1]",119.09999999999538,"[34, 28]","[23.300000000000196, 0]","[0, 0]",80
36,"[0, 1]",129.84999999999528,"[31, 31]","[0, 0]","[0, 0]",80
37,"[0, 1]",135.2499999999965,"[36, 42]","[2.4499999999999993, 0]","[2.4499999999999993, 0]",80
38,"[0, 1]",135.6499999999966,"[37, 37]","[0, 0]","[0, 0]",80
39,"[0, 1]",141.4499999999979,"[38, 43]","[2.3499999999999996, 0]","[2.3499999999999996, 0]",80
40,"[0, 1]",141.74999999999798,"[39, 39]","[0, 0]","[0, 0]",80
41,"[2, 1]",124.79999999999505,"[35, 30]","[21.900000000000176, 0]","[0, 0]",80
42,"[2, 1]",135.99999999999667,"[41, 36]","[22.75000000000019, 0]","[2.25, 0]",80
43,"[2, 1]",146.59999999999908,"[42, 38]","[21.950000000000177, 0]","[2.8999999999999977, 0]",80
44,"[0, 1]",147.0999999999992,"[40, 47]","[2.549999999999999, 0]","[2.549999999999999, 0]",80
45,"[2, 3]",176.05000000000578,"[43, -999]","[17.650000000000116, 0]","[0, 0]",80
46,"[0, 1]",147.5499999999993,"[44, 44]","[0, 0]","[0, 0]",80
47,"[2, 1]",152.4000000000004,"[45, 40]","[16.200000000000095, 0]","[0, 0]",80
48,"[2, 1]",163.75000000000298,"[47, 46]","[17.95000000000012, 0]","[3.099999999999997, 0]",80
49,"[2, 3]",192.75000000000958,"[48, 45]","[15.10000000000008, 0]","[0, 0]",80
50,"[2, 3]",196.05000000001033,"[49, 49]","[16.750000000000103, 0]","[0, 0]",80
51,"[0, 1]",153.45000000000064,"[46, 48]","[2.499999999999999, 0]","[2.499999999999999, 0]",80
52,"[0, 1]",153.7500000000007,"[51, 51]","[0, 0]","[0, 0]",80
53,"[0, 1]",154.70000000000093,"[52, 52]","[0, 0]","[0, 0]",80
54,"[2, 3]",198.6000000000109,"[50, 50]","[17.400000000000112, 0]","[0, 0]",80
55,"[0, 3]",189.20000000000877,"[53, 54]","[1.5500000000000007, 0]","[1.5500000000000007, 0]",80
56,"[0, 1]",160.50000000000225,"[55, 60]","[0, 0]","[0, 0]",80
57,"[0, 1]",161.25000000000242,"[56, 56]","[0, 0]","[0, 0]",80
58,"[0, 1]",162.25000000000264,"[57, 57]","[0, 0]","[0, 0]",80
59,"[0, 1]",168.200000000004,"[58, 62]","[2.4499999999999993, 0]","[2.4499999999999993, 0]",80
60,"[2, 1]",169.5000000000043,"[54, 53]","[20.15000000000015, 0]","[0, 0]",80
61,"[0, 1]",168.6500000000041,"[59, 59]","[0, 0]","[0, 0]",80
62,"[2, 1]",188.55000000000862,"[60, 58]","[32.50000000000029, 0]","[9.650000000000002, 0]",80
63,"[0, 1]",169.5500000000043,"[61, 61]","[0, 0]","[0, 0]",80
64,"[0, 1]",170.60000000000454,"[63, 63]","[0, 0]","[0, 0]",80
65,"[0, 3]",201.6000000000116,"[64, 70]","[0, 0]","[0, 0]",80
66,"[0, 1]",174.30000000000538,"[65, 64]","[0, 0]","[0, 0]",80
67,"[0, 1]",175.05000000000555,"[66, 66]","[0, 0]","[0, 0]",80
68,"[0, 1]",173.15000000000512,"[67, 67]","[0, 0]","[0, 0]",80
69,"[0, 1]",169.1500000000042,"[68, 68]","[0, 0]","[0, 0]",80
70,"[2, 3]",217.40000000001518,"[62, 55]","[24.700000000000216, 0]","[0, 0]",80
71,"[0, 1]",165.1500000000033,"[69, 69]","[0.6, 0]","[0, 0]",80
72,"[0, 1]",163.10000000000284,"[71, 71]","[1.3000000000000005, 0]","[0, 0]",80
73,"[0, 1]",157.2500000000015,"[72, 72]","[0.7000000000000001, 0]","[0, 0]",80
74,"[0, 1]",156.7500000000014,"[73, 73]","[1.2500000000000004, 0]","[0, 0]",80
75,"[0, 1]",152.60000000000045,"[74, 74]","[2.1000000000000005, 0]","[0, 0]",80
76,"[0, 1]",150.04999999999987,"[75, 75]","[2.0500000000000007, 0]","[0, 0]",80
77,"[0, 1]",145.24999999999878,"[76, 76]","[1.850000000000001, 0]","[0, 0]",80
78,"[0, 3]",175.2500000000056,"[77, -999]","[0.9000000000000002, 0]","[0, 0]",80
79,"[0, 1]",142.39999999999813,"[78, 77]","[0.7500000000000001, 0]","[0, 0]",80
0,"[0, 1]",73.89999999999795,"[-999, 8]","[0, 0]","[2.3499999999999996, 0]",81
1,"[2, 1]",36.40000000000007,"[-999, -999]","[0, 0]","[0, 0]",81
2,"[2, 1]",38.09999999999997,"[1, 1]","[0, 0]","[0, 0]",81
3,"[2, 1]",39.89999999999987,"[2, 2]","[0, 0]","[0, 0]",81
4,"[0, 1]",77.39999999999775,"[0, 9]","[2.1000000000000005, 0]","[2.1000000000000005, 0]",81
5,"[2, 1]",41.79999999999976,"[3, 3]","[0, 0]","[0, 0]",81
6,"[2, 1]",43.54999999999966,"[5, 5]","[0, 0]","[0, 0]",81
7,"[2, 1]",45.099999999999575,"[6, 6]","[0, 0]","[0, 0]",81
8,"[2, 1]",46.349999999999504,"[7, 7]","[0, 0]","[0, 0]",81
9,"[2, 1]",52.54999999999915,"[8, 0]","[1.6000000000000008, 0]","[1.6000000000000008, 0]",81
10,"[2, 1]",62.94999999999856,"[9, 14]","[9.750000000000004, 0]","[9.750000000000004, 0]",81
11,"[2, 1]",73.49999999999797,"[10, 16]","[18.100000000000122, 0]","[4.94999999999999, 0]",81
12,"[2, 3]",101.49999999999638,"[11, -999]","[25.150000000000222, 0]","[0.05, 0]",81
13,"[2, 1]",79.8499999999976,"[12, 18]","[26.150000000000237, 0]","[0, 0]",81
14,"[0, 1]",71.69999999999807,"[4, 4]","[0, 0]","[0, 0]",81
15,"[0, 1]",78.1999999999977,"[14, 10]","[2.3, 0]","[2.3, 0]",81
16,"[0, 1]",78.69999999999767,"[15, 15]","[0, 0]","[0, 0]",81
17,"[0, 1]",84.54999999999734,"[16, 11]","[2.4499999999999993, 0]","[2.4499999999999993, 0]",81
18,"[0, 1]",84.89999999999732,"[17, 17]","[0, 0]","[0, 0]",81
19,"[2, 1]",85.09999999999731,"[13, 20]","[27.15000000000025, 0]","[0, 0]",81
20,"[0, 1]",90.34999999999701,"[18, 13]","[2.499999999999999, 0]","[2.499999999999999, 0]",81
21,"[0, 1]",96.59999999999665,"[20, 19]","[2.6999999999999984, 0]","[2.6999999999999984, 0]",81
22,"[2, 1]",90.19999999999702,"[19, 21]","[24.800000000000217, 0]","[0, 0]",81
23,"[0, 1]",101.74999999999636,"[21, 22]","[2.4499999999999993, 0]","[2.4499999999999993, 0]",81
24,"[0, 1]",106.74999999999608,"[23, 25]","[2.3499999999999996, 0]","[2.3499999999999996, 0]",81
25,"[2, 1]",95.64999999999671,"[22, 23]","[23.100000000000193, 0]","[0, 0]",81
26,"[0, 1]",111.7499999999958,"[24, 27]","[2.3499999999999996, 0]","[2.3499999999999996, 0]",81
27,"[2, 1]",101.0499999999964,"[25, 24]","[21.55000000000017, 0]","[0, 0]",81
28,"[0, 1]",111.14999999999583,"[26, 26]","[0, 0]","[0, 0]",81
29,"[2, 3]",131.89999999999574,"[27, -999]","[20.05000000000015, 0]","[0, 0]",81
30,"[0, 1]",117.79999999999545,"[28, 34]","[2.8999999999999977, 0]","[2.8999999999999977, 0]",81
31,"[0, 1]",117.24999999999548,"[30, 30]","[0, 0]","[0, 0]",81
32,"[0, 1]",123.79999999999511,"[31, 41]","[2.799999999999998, 0]","[2.799999999999998, 0]",81
33,"[0, 1]",123.29999999999514,"[32, 32]","[0, 0]","[0, 0]",81
34,"[2, 1]",107.09999999999606,"[29, 28]","[18.60000000000013, 0]","[0, 0]",81
35,"[0, 3]",153.6500000000007,"[33, 39]","[0, 0]","[0, 0]",81
36,"[0, 1]",125.89999999999499,"[35, 47]","[0, 0]","[0, 0]",81
37,"[0, 1]",126.79999999999494,"[36, 36]","[0, 0]","[0, 0]",81
38,"[0, 3]",160.05000000000214,"[37, 49]","[0, 0]","[0, 0]",81
39,"[2, 3]",138.44999999999723,"[34, 29]","[17.700000000000117, 0]","[0, 0]",81
40,"[0, 1]",131.6999999999957,"[38, 51]","[0, 0]","[0, 0]",81
41,"[2, 1]",113.99999999999567,"[39, 31]","[17.90000000000012, 0]","[0, 0]",81
42,"[0, 3]",162.0500000000026,"[40, 38]","[0, 0]","[0, 0]",81
43,"[0, 1]",133.69999999999615,"[42, 55]","[0, 0]","[0, 0]",81
44,"[0, 1]",134.8499999999964,"[43, 43]","[0, 0]","[0, 0]",81
45,"[0, 3]",165.95000000000348,"[44, 42]","[0, 0]","[0, 0]",81
46,"[0, 1]",137.8499999999971,"[45, 60]","[0, 0]","[0, 0]",81
47,"[2, 1]",126.09999999999498,"[41, 33]","[19.750000000000146, 0]","[2.3, 0]",81
48,"[2, 3]",157.6500000000016,"[47, 35]","[16.5500000000001, 0]","[0, 0]",81
49,"[2, 3]",160.10000000000215,"[48, 48]","[17.050000000000107, 0]","[0, 0]",81
50,"[0, 3]",170.4000000000045,"[46, 62]","[0, 0]","[0, 0]",81
51,"[2, 1]",130.94999999999553,"[49, 37]","[16.850000000000104, 0]","[0, 0]",81
52,"[0, 1]",141.99999999999804,"[50, 65]","[0.44999999999999996, 0]","[0, 0]",81
53,"[0, 1]",142.59999999999818,"[52, 52]","[1.0000000000000002, 0]","[0, 0]",81
54,"[0, 3]",173.60000000000522,"[53, 50]","[1.3000000000000005, 0]","[0, 0]",81
55,"[2, 1]",139.5999999999975,"[51, 40]","[16.000000000000092, 0]","[0, 0]",81
56,"[0, 1]",145.54999999999885,"[54, 66]","[1.5500000000000007, 0]","[0, 0]",81
57,"[0, 1]",146.59999999999908,"[56, 56]","[2.3499999999999996, 0]","[0, 0]",81
58,"[0, 1]",147.64999999999932,"[57, 57]","[2.9999999999999973, 0]","[0, 0]",81
59,"[0, 1]",148.69999999999956,"[58, 58]","[3.399999999999996, 0]","[0, 0]",81
60,"[2, 1]",152.0000000000003,"[55, 44]","[22.90000000000019, 0]","[6.699999999999984, 0]",81
61,"[0, 1]",149.6999999999998,"[59, 59]","[3.699999999999995, 0]","[0, 0]",81
62,"[2, 3]",184.0000000000076,"[60, 45]","[15.700000000000088, 0]","[0, 0]",81
63,"[0, 1]",150.49999999999997,"[61, 61]","[3.999999999999994, 0]","[0, 0]",81
64,"[0, 1]",150.65,"[63, 63]","[4.149999999999993, 0]","[0, 0]",81
65,"[2, 1]",154.95000000000098,"[62, 46]","[14.900000000000077, 0]","[0, 0]",81
66,"[2, 1]",168.95000000000417,"[65, 53]","[18.70000000000013, 0]","[3.2999999999999963, 0]",81
67,"[0, 1]",146.29999999999902,"[64, 64]","[4.449999999999992, 0]","[0, 0]",81
68,"[0, 1]",142.49999999999815,"[67, 67]","[4.6499999999999915, 0]","[0, 0]",81
69,"[0, 1]",141.19999999999786,"[68, 68]","[4.849999999999991, 0]","[0, 0]",81
70,"[0, 1]",132.94999999999598,"[69, 69]","[1.4000000000000006, 0]","[0, 0]",81
71,"[0, 1]",128.29999999999492,"[70, 70]","[0, 0]","[0, 0]",81
72,"[0, 1]",127.74999999999488,"[71, 71]","[0, 0]","[0, 0]",81
73,"[0, 1]",128.599999999995,"[72, 72]","[0, 0]","[0, 0]",81
74,"[0, 1]",129.44999999999519,"[73, 73]","[1.1500000000000004, 0]","[0, 0]",81
75,"[0, 1]",130.3999999999954,"[74, 74]","[2.0500000000000007, 0]","[0, 0]",81
76,"[2, 3]",200.85000000001142,"[66, 54]","[15.85000000000009, 0]","[0, 0]",81
77,"[0, 1]",131.2499999999956,"[75, 75]","[1.800000000000001, 0]","[0, 0]",81
78,"[2, 3]",203.350000000012,"[76, 76]","[15.600000000000087, 0]","[0, 0]",81
79,"[0, 1]",131.59999999999567,"[77, 77]","[0.65, 0]","[0, 0]",81
0,"[2, 1]",36.40000000000007,"[-999, -999]","[0, 0]","[0, 0]",82
1,"[0, 1]",73.64999999999796,"[-999, 8]","[0, 0]","[3.1999999999999966, 0]",82
2,"[2, 1]",38.09999999999997,"[0, 0]","[0, 0]","[0, 0]",82
3,"[2, 1]",39.89999999999987,"[2, 2]","[0, 0]","[0, 0]",82
4,"[2, 3]",69.24999999999821,"[3, -999]","[0, 0]","[0, 0]",82
5,"[2, 1]",37.74999999999999,"[4, 3]","[0, 0]","[0, 0]",82
6,"[2, 1]",39.54999999999989,"[5, 5]","[0, 0]","[0, 0]",82
7,"[2, 1]",41.399999999999785,"[6, 6]","[0, 0]","[0, 0]",82
8,"[2, 1]",43.29999999999968,"[7, 7]","[0, 0]","[0, 0]",82
9,"[2, 1]",50.749999999999254,"[8, 1]","[1.3500000000000005, 0]","[1.3500000000000005, 0]",82
10,"[2, 1]",50.99999999999924,"[9, 9]","[3.2499999999999964, 0]","[3.2499999999999964, 0]",82
11,"[2, 1]",62.79999999999857,"[10, 15]","[8.449999999999985, 0]","[4.799999999999991, 0]",82
12,"[2, 1]",67.6999999999983,"[11, 16]","[10.20000000000001, 0]","[0, 0]",82
13,"[2, 1]",73.24999999999798,"[12, 17]","[15.550000000000086, 0]","[0, 0]",82
14,"[0, 1]",74.49999999999791,"[1, 10]","[2.3, 0]","[2.3, 0]",82
15,"[0, 1]",74.6499999999979,"[14, 14]","[0, 0]","[0, 0]",82
16,"[0, 1]",80.39999999999758,"[15, 11]","[2.3999999999999995, 0]","[2.3999999999999995, 0]",82
17,"[0, 1]",85.64999999999728,"[16, 12]","[2.6499999999999986, 0]","[2.6499999999999986, 0]",82
18,"[2, 1]",73.14999999999799,"[13, 13]","[20.75000000000016, 0]","[0, 0]",82
19,"[0, 3]",115.49999999999558,"[17, -999]","[0, 0]","[0, 0]",82
20,"[0, 1]",93.39999999999684,"[19, 18]","[3.2499999999999964, 0]","[3.2499999999999964, 0]",82
21,"[0, 1]",92.89999999999687,"[20, 20]","[0, 0]","[0, 0]",82
22,"[2, 3]",105.74999999999613,"[18, 19]","[18.400000000000126, 0]","[0, 0]",82
23,"[2, 1]",80.94999999999754,"[22, 21]","[16.700000000000102, 0]","[0, 0]",82
24,"[0, 1]",99.69999999999648,"[21, 23]","[2.5999999999999988, 0]","[2.5999999999999988, 0]",82
25,"[0, 1]",99.09999999999651,"[24, 24]","[0, 0]","[0, 0]",82
26,"[0, 1]",104.5999999999962,"[25, 27]","[2.499999999999999, 0]","[2.499999999999999, 0]",82
27,"[2, 1]",93.29999999999684,"[23, 25]","[17.500000000000114, 0]","[2.3499999999999996, 0]",82
28,"[0, 1]",104.89999999999618,"[26, 26]","[0, 0]","[0, 0]",82
29,"[2, 1]",103.84999999999624,"[27, 28]","[16.300000000000097, 0]","[2.5999999999999988, 0]",82
30,"[2, 1]",108.74999999999596,"[29, 31]","[12.200000000000038, 0]","[0, 0]",82
31,"[0, 1]",110.64999999999586,"[28, 29]","[2.499999999999999, 0]","[2.499999999999999, 0]",82
32,"[2, 1]",113.94999999999567,"[30, 33]","[10.800000000000018, 0]","[0, 0]",82
33,"[0, 1]",116.9499999999955,"[31, 30]","[2.25, 0]","[2.25, 0]",82
34,"[2, 1]",119.39999999999536,"[32, 36]","[9.399999999999999, 0]","[0, 0]",82
35,"[2, 1]",125.649999999995,"[34, 40]","[8.899999999999991, 0]","[0, 0]",82
36,"[0, 1]",122.0999999999952,"[33, 32]","[2.3, 0]","[2.3, 0]",82
37,"[2, 1]",131.04999999999555,"[35, 43]","[7.89999999999998, 0]","[0, 0]",82
38,"[0, 3]",150.44999999999996,"[36, -999]","[0, 0]","[0, 0]",82
39,"[2, 1]",136.74999999999685,"[37, 44]","[6.5999999999999845, 0]","[0, 0]",82
40,"[0, 1]",121.69999999999523,"[38, 34]","[0, 0]","[0, 0]",82
41,"[2, 1]",142.04999999999805,"[39, 45]","[7.84999999999998, 0]","[0, 0]",82
42,"[2, 3]",172.40000000000495,"[41, 38]","[9.600000000000001, 0]","[0, 0]",82
43,"[0, 1]",127.24999999999491,"[40, 35]","[3.4999999999999956, 0]","[2.5999999999999988, 0]",82
44,"[0, 1]",132.94999999999598,"[43, 37]","[3.999999999999994, 0]","[2.6999999999999984, 0]",82
45,"[0, 1]",138.99999999999736,"[44, 39]","[3.949999999999994, 0]","[2.25, 0]",82
46,"[0, 1]",144.09999999999852,"[45, 41]","[4.3499999999999925, 0]","[2.25, 0]",82
47,"[0, 1]",143.5999999999984,"[46, 46]","[2.4499999999999993, 0]","[0, 0]",82
48,"[0, 1]",150.1999999999999,"[47, 50]","[5.699999999999988, 0]","[2.8999999999999977, 0]",82
49,"[0, 1]",149.59999999999977,"[48, 48]","[3.099999999999997, 0]","[0, 0]",82
50,"[2, 1]",148.04999999999941,"[42, 47]","[10.85000000000002, 0]","[0, 0]",82
51,"[2, 1]",160.2500000000022,"[50, 49]","[15.300000000000082, 0]","[2.25, 0]",82
52,"[0, 1]",155.10000000000102,"[49, 51]","[5.899999999999987, 0]","[2.549999999999999, 0]",82
53,"[0, 1]",155.40000000000109,"[52, 52]","[3.599999999999995, 0]","[0, 0]",82
54,"[0, 1]",160.7500000000023,"[53, 66]","[6.349999999999985, 0]","[2.549999999999999, 0]",82
55,"[0, 3]",190.85000000000915,"[54, 62]","[3.949999999999994, 0]","[0, 0]",82
56,"[0, 1]",163.60000000000295,"[55, 54]","[4.099999999999993, 0]","[0, 0]",82
57,"[0, 1]",164.7500000000032,"[56, 56]","[4.249999999999993, 0]","[0, 0]",82
58,"[0, 1]",165.85000000000346,"[57, 57]","[5.04999999999999, 0]","[0, 0]",82
59,"[0, 1]",166.8500000000037,"[58, 58]","[4.849999999999991, 0]","[0, 0]",82
60,"[0, 3]",197.90000000001075,"[59, 55]","[4.499999999999992, 0]","[0, 0]",82
61,"[0, 1]",170.70000000000456,"[60, 59]","[4.599999999999992, 0]","[0, 0]",82
62,"[2, 3]",189.05000000000874,"[51, 42]","[20.550000000000157, 0]","[0, 0]",82
63,"[0, 1]",171.7500000000048,"[61, 61]","[4.799999999999991, 0]","[0, 0]",82
64,"[0, 1]",172.70000000000502,"[63, 63]","[5.249999999999989, 0]","[0, 0]",82
65,"[0, 1]",171.7500000000048,"[64, 64]","[5.4999999999999885, 0]","[0, 0]",82
66,"[2, 1]",166.25000000000355,"[62, 53]","[23.750000000000203, 0]","[0, 0]",82
67,"[0, 1]",171.20000000000468,"[65, 65]","[4.749999999999991, 0]","[0, 0]",82
68,"[0, 1]",166.9500000000037,"[67, 67]","[4.699999999999991, 0]","[0, 0]",82
69,"[0, 1]",166.65000000000364,"[68, 68]","[3.599999999999995, 0]","[0, 0]",82
70,"[0, 1]",158.1000000000017,"[69, 69]","[1.3000000000000005, 0]","[0, 0]",82
71,"[0, 1]",157.30000000000152,"[70, 70]","[2.0500000000000007, 0]","[0, 0]",82
72,"[0, 1]",155.30000000000106,"[71, 71]","[2.4499999999999993, 0]","[0, 0]",82
73,"[0, 1]",153.60000000000068,"[72, 72]","[2.799999999999998, 0]","[0, 0]",82
74,"[0, 1]",154.00000000000077,"[73, 73]","[2.4499999999999993, 0]","[0, 0]",82
75,"[0, 1]",154.35000000000085,"[74, 74]","[1.5000000000000007, 0]","[0, 0]",82
76,"[0, 3]",179.2500000000065,"[75, -999]","[1.6000000000000008, 0]","[0, 0]",82
77,"[0, 1]",145.89999999999893,"[76, 75]","[1.7500000000000009, 0]","[0, 0]",82
78,"[0, 1]",145.09999999999874,"[77, 77]","[1.850000000000001, 0]","[0, 0]",82
79,"[0, 1]",141.3999999999979,"[78, 78]","[1.5000000000000007, 0]","[0, 0]",82
0,"[2, 1]",36.40000000000007,"[-999, -999]","[0, 0]","[0, 0]",83
1,"[2, 1]",38.09999999999997,"[0, 0]","[0, 0]","[0, 0]",83
2,"[2, 1]",39.89999999999987,"[1, 1]","[0, 0]","[0, 0]",83
3,"[2, 1]",41.79999999999976,"[2, 2]","[0, 0]","[0, 0]",83
4,"[2, 1]",43.54999999999966,"[3, 3]","[0, 0]","[0, 0]",83
5,"[2, 1]",45.04999999999958,"[4, 4]","[0, 0]","[0, 0]",83
6,"[2, 1]",46.349999999999504,"[5, 5]","[0, 0]","[0, 0]",83
7,"[2, 1]",47.34999999999945,"[6, 6]","[0, 0]","[0, 0]",83
8,"[2, 1]",48.49999999999938,"[7, 7]","[0, 0]","[0, 0]",83
9,"[2, 1]",56.59999999999892,"[8, 14]","[2.9499999999999975, 0]","[2.9499999999999975, 0]",83
10,"[2, 1]",61.59999999999864,"[9, 15]","[0, 0]","[0, 0]",83
11,"[2, 1]",66.74999999999835,"[10, 16]","[0, 0]","[0, 0]",83
12,"[2, 3]",96.74999999999665,"[11, -999]","[11.500000000000028, 0]","[0, 0]",83
13,"[2, 1]",69.19999999999821,"[12, 17]","[20.250000000000153, 0]","[0, 0]",83
14,"[0, 1]",67.6999999999983,"[-999, 8]","[0, 0]","[0, 0]",83
15,"[0, 1]",74.29999999999792,"[14, 9]","[0.3, 0]","[0.3, 0]",83
16,"[0, 1]",80.89999999999755,"[15, 10]","[2.3999999999999995, 0]","[2.3999999999999995, 0]",83
17,"[0, 1]",85.94999999999726,"[16, 11]","[2.5999999999999988, 0]","[2.5999999999999988, 0]",83
18,"[0, 3]",116.64999999999552,"[17, 12]","[2.8999999999999977, 0]","[2.8999999999999977, 0]",83
19,"[0, 3]",118.24999999999542,"[18, 18]","[0, 0]","[0, 0]",83
20,"[2, 1]",71.54999999999808,"[13, 13]","[17.90000000000012, 0]","[0, 0]",83
21,"[0, 1]",90.24999999999702,"[19, 20]","[0, 0]","[0, 0]",83
22,"[0, 1]",97.24999999999662,"[21, 25]","[1.6000000000000008, 0]","[1.6000000000000008, 0]",83
23,"[0, 1]",102.44999999999632,"[22, 27]","[2.25, 0]","[2.25, 0]",83
24,"[0, 1]",101.84999999999636,"[23, 23]","[0, 0]","[0, 0]",83
25,"[2, 1]",79.59999999999762,"[20, 21]","[16.250000000000096, 0]","[0, 0]",83
26,"[0, 1]",102.44999999999632,"[24, 24]","[0, 0]","[0, 0]",83
27,"[2, 1]",85.09999999999731,"[25, 22]","[14.700000000000074, 0]","[0, 0]",83
28,"[0, 1]",108.24999999999599,"[26, 30]","[2.3999999999999995, 0]","[2.3999999999999995, 0]",83
29,"[2, 3]",116.29999999999553,"[27, 19]","[13.250000000000053, 0]","[0, 0]",83
30,"[2, 1]",97.84999999999658,"[29, 26]","[14.700000000000074, 0]","[2.8999999999999977, 0]",83
31,"[0, 1]",114.84999999999562,"[28, 33]","[1.850000000000001, 0]","[1.850000000000001, 0]",83
32,"[0, 1]",119.94999999999533,"[31, 34]","[2.3999999999999995, 0]","[2.3999999999999995, 0]",83
33,"[2, 1]",102.8499999999963,"[30, 28]","[10.300000000000011, 0]","[0, 0]",83
34,"[2, 1]",108.24999999999599,"[33, 31]","[8.899999999999991, 0]","[0, 0]",83
35,"[0, 1]",124.94999999999504,"[32, 37]","[2.3999999999999995, 0]","[2.3999999999999995, 0]",83
36,"[0, 1]",129.9499999999953,"[35, 38]","[2.3999999999999995, 0]","[2.3999999999999995, 0]",83
37,"[2, 1]",113.69999999999568,"[34, 32]","[7.4499999999999815, 0]","[0, 0]",83
38,"[2, 1]",119.09999999999538,"[37, 35]","[6.749999999999984, 0]","[0, 0]",83
39,"[0, 1]",135.04999999999646,"[36, 41]","[2.5999999999999988, 0]","[2.5999999999999988, 0]",83
40,"[0, 1]",140.0499999999976,"[39, 43]","[2.6499999999999986, 0]","[2.6499999999999986, 0]",83
41,"[2, 1]",124.54999999999507,"[38, 36]","[7.199999999999982, 0]","[0, 0]",83
42,"[0, 1]",145.04999999999873,"[40, 45]","[2.5999999999999988, 0]","[2.5999999999999988, 0]",83
43,"[2, 1]",130.04999999999532,"[41, 39]","[8.199999999999982, 0]","[0, 0]",83
44,"[0, 1]",150.09999999999988,"[42, 47]","[2.499999999999999, 0]","[2.499999999999999, 0]",83
45,"[2, 1]",135.44999999999655,"[43, 40]","[7.84999999999998, 0]","[0, 0]",83
46,"[0, 1]",149.49999999999974,"[44, 44]","[0, 0]","[0, 0]",83
47,"[2, 1]",140.84999999999778,"[45, 42]","[6.249999999999986, 0]","[0, 0]",83
48,"[2, 3]",171.7500000000048,"[47, -999]","[13.00000000000005, 0]","[0, 0]",83
49,"[2, 1]",146.74999999999912,"[48, 46]","[16.5500000000001, 0]","[0, 0]",83
50,"[0, 3]",179.50000000000657,"[46, 48]","[0, 0]","[0, 0]",83
51,"[2, 1]",164.90000000000325,"[49, 54]","[28.40000000000027, 0]","[9.900000000000006, 0]",83
52,"[0, 1]",150.85000000000005,"[50, 49]","[0, 0]","[0, 0]",83
53,"[0, 1]",151.9500000000003,"[52, 52]","[0.7500000000000001, 0]","[0, 0]",83
54,"[0, 1]",152.95000000000053,"[53, 53]","[1.0000000000000002, 0]","[0, 0]",83
55,"[2, 3]",193.85000000000983,"[51, 50]","[19.500000000000142, 0]","[0, 0]",83
56,"[0, 1]",158.90000000000188,"[54, 51]","[3.349999999999996, 0]","[2.499999999999999, 0]",83
57,"[0, 1]",159.25000000000196,"[56, 56]","[0.6, 0]","[0, 0]",83
58,"[0, 1]",164.6500000000032,"[57, 62]","[2.6999999999999984, 0]","[2.549999999999999, 0]",83
59,"[0, 1]",165.1500000000033,"[58, 58]","[0, 0]","[0, 0]",83
60,"[0, 1]",170.9000000000046,"[59, 66]","[2.6999999999999984, 0]","[2.6999999999999984, 0]",83
61,"[0, 1]",171.2500000000047,"[60, 60]","[0.7000000000000001, 0]","[0, 0]",83
62,"[2, 1]",170.95000000000462,"[55, 57]","[20.15000000000015, 0]","[0, 0]",83
63,"[0, 1]",172.2000000000049,"[61, 61]","[3.699999999999995, 0]","[0, 0]",83
64,"[0, 1]",173.20000000000513,"[63, 63]","[6.099999999999986, 0]","[0, 0]",83
65,"[2, 3]",201.85000000001165,"[62, 55]","[25.350000000000225, 0]","[0, 0]",83
66,"[2, 1]",177.050000000006,"[65, 59]","[26.700000000000244, 0]","[0, 0]",83
67,"[0, 1]",174.25000000000537,"[64, 64]","[6.999999999999983, 0]","[0, 0]",83
68,"[0, 1]",175.2000000000056,"[67, 67]","[7.4499999999999815, 0]","[0, 0]",83
69,"[0, 1]",175.95000000000576,"[68, 68]","[7.89999999999998, 0]","[0, 0]",83
70,"[0, 3]",205.85000000001256,"[69, 76]","[8.249999999999982, 0]","[0, 0]",83
71,"[0, 1]",174.15000000000535,"[70, 69]","[8.14999999999998, 0]","[0, 0]",83
72,"[0, 1]",174.55000000000544,"[71, 71]","[7.499999999999981, 0]","[0, 0]",83
73,"[0, 1]",169.1000000000042,"[72, 72]","[6.199999999999986, 0]","[0, 0]",83
74,"[0, 1]",164.50000000000315,"[73, 73]","[5.599999999999988, 0]","[0, 0]",83
75,"[0, 1]",164.15000000000308,"[74, 74]","[5.649999999999988, 0]","[0, 0]",83
76,"[2, 3]",207.70000000001298,"[66, 65]","[26.800000000000246, 0]","[0, 0]",83
77,"[0, 1]",160.2500000000022,"[75, 75]","[5.749999999999988, 0]","[0, 0]",83
78,"[0, 1]",156.85000000000142,"[77, 77]","[5.799999999999987, 0]","[0, 0]",83
79,"[0, 1]",153.20000000000059,"[78, 78]","[5.849999999999987, 0]","[0, 0]",83
0,"[2, 3]",67.7499999999983,"[-999, -999]","[0, 0]","[0, 0]",84
1,"[2, 1]",37.15000000000003,"[0, -999]","[0, 0]","[0, 0]",84
2,"[2, 1]",38.89999999999993,"[1, 1]","[0, 0]","[0, 0]",84
3,"[2, 1]",40.74999999999982,"[2, 2]","[0, 0]","[0, 0]",84
4,"[2, 1]",42.54999999999972,"[3, 3]","[0, 0]","[0, 0]",84
5,"[2, 1]",44.09999999999963,"[4, 4]","[0, 0]","[0, 0]",84
6,"[2, 1]",45.54999999999955,"[5, 5]","[0, 0]","[0, 0]",84
7,"[2, 1]",46.849999999999476,"[6, 6]","[0, 0]","[0, 0]",84
8,"[2, 1]",47.69999999999943,"[7, 7]","[0, 0]","[0, 0]",84
9,"[2, 1]",49.04999999999935,"[8, 8]","[0, 0]","[0, 0]",84
10,"[2, 1]",75.14999999999787,"[9, 20]","[16.800000000000104, 0]","[16.800000000000104, 0]",84
11,"[2, 1]",79.14999999999765,"[10, 21]","[0, 0]","[0, 0]",84
12,"[0, 3]",96.59999999999665,"[-999, 0]","[0, 0]","[0, 0]",84
13,"[2, 1]",84.59999999999734,"[11, 22]","[30.850000000000303, 0]","[0, 0]",84
14,"[2, 1]",90.09999999999702,"[13, 26]","[33.00000000000026, 0]","[0, 0]",84
15,"[0, 1]",70.19999999999816,"[12, 9]","[0, 0]","[0, 0]",84
16,"[0, 1]",71.2999999999981,"[15, 15]","[0, 0]","[0, 0]",84
17,"[0, 1]",72.04999999999805,"[16, 16]","[0, 0]","[0, 0]",84
18,"[0, 1]",72.49999999999802,"[17, 17]","[0, 0]","[0, 0]",84
19,"[2, 1]",95.54999999999671,"[14, 28]","[30.6500000000003, 0]","[0, 0]",84
20,"[0, 1]",72.899999999998,"[18, 18]","[0, 0]","[0, 0]",84
21,"[0, 1]",79.49999999999763,"[20, 10]","[0.25, 0]","[0.25, 0]",84
22,"[0, 1]",84.49999999999734,"[21, 11]","[2.549999999999999, 0]","[2.549999999999999, 0]",84
23,"[2, 1]",100.9999999999964,"[19, 29]","[29.10000000000028, 0]","[0, 0]",84
24,"[2, 1]",106.4499999999961,"[23, 30]","[27.70000000000026, 0]","[0, 0]",84
25,"[2, 1]",111.84999999999579,"[24, 31]","[26.40000000000024, 0]","[0, 0]",84
26,"[0, 1]",89.64999999999705,"[22, 13]","[2.3, 0]","[2.3, 0]",84
27,"[2, 1]",117.89999999999544,"[25, 35]","[25.05000000000022, 0]","[0, 0]",84
28,"[0, 1]",94.69999999999676,"[26, 14]","[2.3, 0]","[2.3, 0]",84
29,"[0, 1]",99.69999999999648,"[28, 19]","[2.3999999999999995, 0]","[2.3999999999999995, 0]",84
30,"[0, 1]",104.6999999999962,"[29, 23]","[2.5999999999999988, 0]","[2.5999999999999988, 0]",84
31,"[0, 1]",109.7999999999959,"[30, 24]","[2.499999999999999, 0]","[2.499999999999999, 0]",84
32,"[0, 3]",138.14999999999716,"[31, -999]","[0, 0]","[0, 0]",84
33,"[2, 1]",123.49999999999513,"[27, 37]","[23.700000000000202, 0]","[0, 0]",84
34,"[2, 1]",135.54999999999657,"[33, 40]","[29.25000000000028, 0]","[6.849999999999984, 0]",84
35,"[0, 1]",109.34999999999593,"[32, 25]","[0, 0]","[0, 0]",84
36,"[2, 1]",141.799999999998,"[34, 44]","[21.050000000000164, 0]","[0, 0]",84
37,"[0, 1]",114.89999999999561,"[35, 27]","[2.6499999999999986, 0]","[2.6499999999999986, 0]",84
38,"[0, 3]",145.04999999999873,"[37, 32]","[0.7000000000000001, 0]","[0, 0]",84
39,"[0, 1]",116.44999999999553,"[38, 33]","[0.65, 0]","[0, 0]",84
40,"[0, 1]",117.34999999999548,"[39, 39]","[0.3, 0]","[0, 0]",84
41,"[2, 1]",159.05000000000192,"[36, 49]","[29.700000000000287, 0]","[9.950000000000006, 0]",84
42,"[0, 3]",148.54999999999953,"[40, 38]","[0, 0]","[0, 0]",84
43,"[2, 1]",169.5500000000043,"[41, 51]","[21.50000000000017, 0]","[3.099999999999997, 0]",84
44,"[0, 1]",119.74999999999534,"[42, 34]","[0, 0]","[0, 0]",84
45,"[0, 3]",150.90000000000006,"[44, 42]","[0, 0]","[0, 0]",84
46,"[0, 1]",122.0999999999952,"[45, 36]","[1.900000000000001, 0]","[0, 0]",84
47,"[0, 1]",122.99999999999515,"[46, 46]","[3.5499999999999954, 0]","[0, 0]",84
48,"[2, 1]",174.50000000000543,"[43, 52]","[17.050000000000107, 0]","[0, 0]",84
49,"[0, 1]",124.0499999999951,"[47, 47]","[4.499999999999992, 0]","[0, 0]",84
50,"[0, 1]",129.9499999999953,"[49, 41]","[8.14999999999998, 0]","[2.3499999999999996, 0]",84
51,"[0, 1]",130.29999999999538,"[50, 50]","[6.199999999999986, 0]","[0, 0]",84
52,"[0, 1]",136.19999999999672,"[51, 43]","[8.349999999999984, 0]","[2.549999999999999, 0]",84
53,"[0, 1]",141.94999999999803,"[52, 48]","[8.14999999999998, 0]","[2.849999999999998, 0]",84
54,"[0, 1]",141.849999999998,"[53, 53]","[4.99999999999999, 0]","[0, 0]",84
55,"[2, 3]",205.30000000001243,"[48, -999]","[15.700000000000088, 0]","[0, 0]",84
56,"[0, 1]",142.6499999999982,"[54, 54]","[4.749999999999991, 0]","[0, 0]",84
57,"[0, 1]",148.19999999999945,"[56, 66]","[6.749999999999984, 0]","[2.4499999999999993, 0]",84
58,"[0, 1]",154.70000000000093,"[57, 78]","[5.749999999999988, 0]","[2.000000000000001, 0]",84
59,"[0, 1]",154.05000000000078,"[58, 58]","[3.149999999999997, 0]","[0, 0]",84
60,"[0, 1]",154.70000000000093,"[59, 59]","[2.549999999999999, 0]","[0, 0]",84
61,"[0, 1]",155.75000000000117,"[60, 60]","[1.950000000000001, 0]","[0, 0]",84
62,"[0, 3]",186.55000000000817,"[61, 65]","[1.850000000000001, 0]","[0, 0]",84
63,"[0, 1]",154.50000000000088,"[62, 61]","[1.800000000000001, 0]","[0, 0]",84
64,"[0, 1]",153.80000000000072,"[63, 63]","[1.2000000000000004, 0]","[0, 0]",84
65,"[2, 3]",208.2500000000131,"[55, 55]","[15.550000000000086, 0]","[0, 0]",84
66,"[2, 1]",182.85000000000733,"[65, 56]","[15.700000000000088, 0]","[0, 0]",84
67,"[0, 1]",149.54999999999976,"[64, 64]","[1.3500000000000005, 0]","[0, 0]",84
68,"[0, 1]",149.44999999999973,"[67, 67]","[1.4500000000000006, 0]","[0, 0]",84
69,"[0, 1]",147.4999999999993,"[68, 68]","[1.3000000000000005, 0]","[0, 0]",84
70,"[0, 1]",147.9499999999994,"[69, 69]","[0.44999999999999996, 0]","[0, 0]",84
71,"[0, 1]",142.89999999999824,"[70, 70]","[0, 0]","[0, 0]",84
72,"[0, 1]",143.5499999999984,"[71, 71]","[0, 0]","[0, 0]",84
73,"[0, 1]",144.4499999999986,"[72, 72]","[0, 0]","[0, 0]",84
74,"[0, 1]",145.3499999999988,"[73, 73]","[0, 0]","[0, 0]",84
75,"[0, 1]",146.249999999999,"[74, 74]","[0, 0]","[0, 0]",84
76,"[0, 1]",146.99999999999918,"[75, 75]","[1.950000000000001, 0]","[0, 0]",84
77,"[0, 1]",147.5499999999993,"[76, 76]","[3.599999999999995, 0]","[0, 0]",84
78,"[2, 1]",188.35000000000858,"[66, 57]","[17.450000000000113, 0]","[0, 0]",84
79,"[0, 1]",147.84999999999937,"[77, 77]","[5.299999999999989, 0]","[0, 0]",84
0,"[2, 1]",36.40000000000007,"[-999, -999]","[0, 0]","[0, 0]",85
1,"[2, 1]",38.09999999999997,"[0, 0]","[0, 0]","[0, 0]",85
2,"[2, 1]",39.89999999999987,"[1, 1]","[0, 0]","[0, 0]",85
3,"[2, 1]",41.79999999999976,"[2, 2]","[0, 0]","[0, 0]",85
4,"[2, 1]",43.54999999999966,"[3, 3]","[0, 0]","[0, 0]",85
5,"[2, 1]",45.04999999999958,"[4, 4]","[0, 0]","[0, 0]",85
6,"[2, 1]",46.349999999999504,"[5, 5]","[0, 0]","[0, 0]",85
7,"[2, 1]",47.399999999999444,"[6, 6]","[0, 0]","[0, 0]",85
8,"[2, 1]",48.449999999999385,"[7, 7]","[0, 0]","[0, 0]",85
9,"[2, 1]",56.549999999998924,"[8, 14]","[2.849999999999998, 0]","[2.849999999999998, 0]",85
10,"[2, 1]",61.54999999999864,"[9, 15]","[0, 0]","[0, 0]",85
11,"[2, 1]",66.49999999999837,"[10, 16]","[0, 0]","[0, 0]",85
12,"[2, 1]",71.89999999999806,"[11, 17]","[14.900000000000077, 0]","[0, 0]",85
13,"[2, 1]",78.0999999999977,"[12, 20]","[20.05000000000015, 0]","[0, 0]",85
14,"[0, 1]",67.6499999999983,"[-999, 8]","[0, 0]","[0, 0]",85
15,"[0, 1]",74.24999999999793,"[14, 9]","[0, 0]","[0, 0]",85
16,"[0, 1]",80.69999999999756,"[15, 10]","[2.799999999999998, 0]","[2.799999999999998, 0]",85
17,"[0, 1]",85.74999999999727,"[16, 11]","[2.6499999999999986, 0]","[2.6499999999999986, 0]",85
18,"[0, 3]",112.04999999999578,"[17, -999]","[0, 0]","[0, 0]",85
19,"[2, 1]",83.5499999999974,"[13, 22]","[17.700000000000117, 0]","[0, 0]",85
20,"[0, 1]",85.59999999999728,"[18, 12]","[0, 0]","[0, 0]",85
21,"[2, 1]",94.79999999999676,"[19, 24]","[18.65000000000013, 0]","[2.6499999999999986, 0]",85
22,"[0, 1]",90.94999999999698,"[20, 13]","[2.4499999999999993, 0]","[2.4499999999999993, 0]",85
23,"[0, 1]",96.59999999999665,"[22, 19]","[2.6999999999999984, 0]","[2.6999999999999984, 0]",85
24,"[0, 1]",96.74999999999665,"[23, 23]","[0, 0]","[0, 0]",85
25,"[2, 1]",105.44999999999615,"[21, 28]","[17.20000000000011, 0]","[2.6999999999999984, 0]",85
26,"[0, 1]",102.49999999999632,"[24, 21]","[2.4499999999999993, 0]","[2.4499999999999993, 0]",85
27,"[2, 1]",110.29999999999588,"[25, 29]","[13.05000000000005, 0]","[0, 0]",85
28,"[0, 1]",102.8999999999963,"[26, 26]","[0, 0]","[0, 0]",85
29,"[0, 1]",108.69999999999597,"[28, 25]","[2.549999999999999, 0]","[2.549999999999999, 0]",85
30,"[2, 3]",140.8999999999978,"[27, -999]","[11.60000000000003, 0]","[0, 0]",85
31,"[0, 1]",114.79999999999562,"[29, 27]","[2.7499999999999982, 0]","[2.7499999999999982, 0]",85
32,"[2, 1]",122.59999999999518,"[30, 40]","[12.850000000000048, 0]","[2.6499999999999986, 0]",85
33,"[2, 3]",151.35000000000016,"[32, 30]","[8.79999999999999, 0]","[0, 0]",85
34,"[2, 1]",128.49999999999497,"[33, 43]","[7.349999999999982, 0]","[0, 0]",85
35,"[2, 3]",158.45000000000178,"[34, 33]","[7.599999999999981, 0]","[0, 0]",85
36,"[2, 1]",134.8499999999964,"[35, 46]","[9.249999999999996, 0]","[0, 0]",85
37,"[0, 1]",114.14999999999566,"[31, 31]","[0, 0]","[0, 0]",85
38,"[2, 1]",151.4500000000002,"[36, 52]","[20.450000000000156, 0]","[9.600000000000001, 0]",85
39,"[2, 1]",156.10000000000124,"[38, 53]","[11.800000000000033, 0]","[0, 0]",85
40,"[0, 1]",114.79999999999562,"[37, 37]","[0, 0]","[0, 0]",85
41,"[2, 1]",161.6000000000025,"[39, 55]","[12.30000000000004, 0]","[0, 0]",85
42,"[0, 1]",120.59999999999529,"[40, 32]","[2.4499999999999993, 0]","[2.4499999999999993, 0]",85
43,"[0, 1]",120.99999999999527,"[42, 42]","[0, 0]","[0, 0]",85
44,"[0, 1]",126.29999999999497,"[43, 34]","[2.499999999999999, 0]","[2.499999999999999, 0]",85
45,"[2, 3]",192.9000000000096,"[41, -999]","[26.700000000000244, 0]","[0, 0]",85
46,"[0, 1]",126.79999999999494,"[44, 44]","[0, 0]","[0, 0]",85
47,"[2, 1]",174.25000000000537,"[45, 58]","[33.40000000000024, 0]","[2.7499999999999982, 0]",85
48,"[0, 1]",132.0999999999958,"[46, 36]","[2.3999999999999995, 0]","[2.3999999999999995, 0]",85
49,"[2, 3]",203.15000000001194,"[47, 45]","[34.0500000000002, 0]","[0, 0]",85
50,"[0, 1]",132.5999999999959,"[48, 48]","[0, 0]","[0, 0]",85
51,"[2, 1]",180.25000000000674,"[49, 60]","[36.10000000000009, 0]","[0, 0]",85
52,"[0, 1]",133.59999999999613,"[50, 50]","[0, 0]","[0, 0]",85
53,"[0, 1]",140.79999999999777,"[52, 38]","[1.4500000000000006, 0]","[1.4500000000000006, 0]",85
54,"[2, 1]",185.850000000008,"[51, 61]","[37.94999999999998, 0]","[0, 0]",85
55,"[0, 1]",145.89999999999893,"[53, 39]","[2.3999999999999995, 0]","[2.3999999999999995, 0]",85
56,"[0, 1]",150.90000000000006,"[55, 41]","[2.499999999999999, 0]","[2.499999999999999, 0]",85
57,"[0, 1]",150.29999999999993,"[56, 56]","[0, 0]","[0, 0]",85
58,"[0, 1]",150.85000000000005,"[57, 57]","[0, 0]","[0, 0]",85
59,"[0, 1]",156.70000000000138,"[58, 47]","[2.3999999999999995, 0]","[2.3999999999999995, 0]",85
60,"[0, 1]",157.05000000000146,"[59, 59]","[0, 0]","[0, 0]",85
61,"[0, 1]",162.35000000000267,"[60, 51]","[2.499999999999999, 0]","[2.499999999999999, 0]",85
62,"[0, 1]",168.75000000000412,"[61, 54]","[2.499999999999999, 0]","[2.499999999999999, 0]",85
63,"[0, 1]",173.85000000000528,"[62, 66]","[2.849999999999998, 0]","[2.3999999999999995, 0]",85
64,"[0, 1]",173.25000000000514,"[63, 63]","[0.8500000000000002, 0]","[0, 0]",85
65,"[0, 3]",206.85000000001278,"[64, 78]","[1.5500000000000007, 0]","[0, 0]",85
66,"[2, 1]",190.95000000000917,"[54, 62]","[40.49999999999984, 0]","[0, 0]",85
67,"[0, 1]",177.75000000000617,"[65, 79]","[3.349999999999996, 0]","[0, 0]",85
68,"[0, 1]",178.45000000000633,"[67, 67]","[4.799999999999991, 0]","[0, 0]",85
69,"[0, 1]",179.00000000000645,"[68, 68]","[4.799999999999991, 0]","[0, 0]",85
70,"[0, 1]",173.75000000000526,"[69, 69]","[4.499999999999992, 0]","[0, 0]",85
71,"[0, 1]",174.05000000000533,"[70, 70]","[4.299999999999993, 0]","[0, 0]",85
72,"[0, 1]",169.1500000000042,"[71, 71]","[4.299999999999993, 0]","[0, 0]",85
73,"[0, 1]",168.80000000000413,"[72, 72]","[5.599999999999988, 0]","[0, 0]",85
74,"[0, 1]",166.4500000000036,"[73, 73]","[6.649999999999984, 0]","[0, 0]",85
75,"[0, 1]",166.80000000000368,"[74, 74]","[6.349999999999985, 0]","[0, 0]",85
76,"[2, 3]",221.8500000000162,"[66, 49]","[43.04999999999969, 0]","[0, 0]",85
77,"[0, 1]",161.45000000000246,"[75, 75]","[5.699999999999988, 0]","[0, 0]",85
78,"[2, 3]",224.85000000001688,"[76, 76]","[44.549999999999606, 0]","[0, 0]",85
79,"[2, 1]",195.5000000000102,"[78, 64]","[45.84999999999953, 0]","[0, 0]",85
0,"[2, 1]",36.40000000000007,"[-999, -999]","[0, 0]","[0, 0]",86
1,"[0, 1]",67.6999999999983,"[-999, 8]","[0, 0]","[0, 0]",86
2,"[2, 1]",38.09999999999997,"[0, 0]","[0, 0]","[0, 0]",86
3,"[2, 3]",68.64999999999824,"[2, -999]","[0, 0]","[0, 0]",86
4,"[0, 1]",74.19999999999793,"[1, 9]","[0, 0]","[0, 0]",86
5,"[2, 1]",37.40000000000001,"[3, 2]","[0, 0]","[0, 0]",86
6,"[2, 1]",39.19999999999991,"[5, 5]","[0, 0]","[0, 0]",86
7,"[2, 1]",41.0999999999998,"[6, 6]","[0, 0]","[0, 0]",86
8,"[2, 1]",42.9499999999997,"[7, 7]","[0, 0]","[0, 0]",86
9,"[2, 1]",50.44999999999927,"[8, 1]","[3.149999999999997, 0]","[3.149999999999997, 0]",86
10,"[2, 1]",69.94999999999817,"[9, 15]","[16.6500000000001, 0]","[16.5500000000001, 0]",86
11,"[2, 1]",79.79999999999761,"[10, 17]","[25.300000000000225, 0]","[4.3499999999999925, 0]",86
12,"[0, 1]",70.54999999999814,"[4, 4]","[0, 0]","[0, 0]",86
13,"[2, 1]",84.69999999999733,"[11, 18]","[27.15000000000025, 0]","[0, 0]",86
14,"[0, 1]",71.79999999999806,"[12, 12]","[0, 0]","[0, 0]",86
15,"[0, 1]",72.34999999999803,"[14, 14]","[0, 0]","[0, 0]",86
16,"[0, 1]",79.04999999999765,"[15, 10]","[1.5000000000000007, 0]","[1.5000000000000007, 0]",86
17,"[0, 1]",78.34999999999769,"[16, 16]","[0, 0]","[0, 0]",86
18,"[0, 1]",83.79999999999738,"[17, 11]","[2.3999999999999995, 0]","[2.3999999999999995, 0]",86
19,"[2, 1]",95.8499999999967,"[13, 22]","[34.900000000000155, 0]","[2.499999999999999, 0]",86
20,"[0, 1]",89.89999999999704,"[18, 13]","[2.9499999999999975, 0]","[2.9499999999999975, 0]",86
21,"[2, 1]",100.79999999999642,"[19, 23]","[37.899999999999984, 0]","[0, 0]",86
22,"[0, 1]",89.54999999999706,"[20, 20]","[0, 0]","[0, 0]",86
23,"[0, 1]",95.14999999999674,"[22, 19]","[2.549999999999999, 0]","[2.549999999999999, 0]",86
24,"[0, 1]",101.54999999999637,"[23, 21]","[1.900000000000001, 0]","[1.900000000000001, 0]",86
25,"[2, 1]",106.14999999999611,"[21, 24]","[35.55000000000012, 0]","[0, 0]",86
26,"[0, 1]",106.69999999999608,"[24, 25]","[2.25, 0]","[2.25, 0]",86
27,"[2, 1]",111.6499999999958,"[25, 26]","[33.850000000000215, 0]","[0, 0]",86
28,"[0, 1]",111.7499999999958,"[26, 27]","[2.499999999999999, 0]","[2.499999999999999, 0]",86
29,"[2, 1]",117.04999999999549,"[27, 28]","[32.3000000000003, 0]","[0, 0]",86
30,"[2, 1]",122.54999999999518,"[29, 31]","[30.850000000000303, 0]","[0, 0]",86
31,"[0, 1]",116.74999999999551,"[28, 29]","[2.499999999999999, 0]","[2.499999999999999, 0]",86
32,"[2, 1]",128.649999999995,"[30, 37]","[29.400000000000283, 0]","[0, 0]",86
33,"[2, 1]",128.49999999999497,"[32, 32]","[29.25000000000028, 0]","[0, 0]",86
34,"[0, 3]",145.14999999999876,"[31, -999]","[0, 0]","[0, 0]",86
35,"[2, 1]",142.14999999999807,"[33, 41]","[32.100000000000314, 0]","[2.6999999999999984, 0]",86
36,"[2, 1]",141.799999999998,"[35, 35]","[29.30000000000028, 0]","[0, 0]",86
37,"[0, 1]",116.39999999999553,"[34, 30]","[0, 0]","[0, 0]",86
38,"[2, 1]",160.20000000000218,"[36, 47]","[40.349999999999845, 0]","[9.700000000000003, 0]",86
39,"[0, 3]",147.5999999999993,"[37, 34]","[1.2000000000000004, 0]","[0, 0]",86
40,"[0, 1]",123.59999999999512,"[39, 33]","[3.5499999999999954, 0]","[2.3499999999999996, 0]",86
41,"[0, 1]",124.29999999999508,"[40, 40]","[1.1000000000000003, 0]","[0, 0]",86
42,"[0, 3]",155.20000000000104,"[41, 39]","[1.0000000000000002, 0]","[0, 0]",86
43,"[2, 1]",165.1000000000033,"[38, 49]","[31.100000000000307, 0]","[0, 0]",86
44,"[0, 1]",132.1499999999958,"[42, 36]","[3.599999999999995, 0]","[2.849999999999998, 0]",86
45,"[2, 1]",182.20000000000718,"[43, 54]","[39.799999999999876, 0]","[9.750000000000004, 0]",86
46,"[0, 1]",132.5499999999959,"[44, 44]","[0.5499999999999999, 0]","[0, 0]",86
47,"[0, 1]",133.54999999999612,"[46, 46]","[0.1, 0]","[0, 0]",86
48,"[2, 1]",197.95000000001076,"[45, 57]","[35.15000000000014, 0]","[6.399999999999985, 0]",86
49,"[0, 1]",139.39999999999745,"[47, 38]","[2.4499999999999993, 0]","[2.4499999999999993, 0]",86
50,"[0, 3]",169.30000000000425,"[49, 42]","[0.5499999999999999, 0]","[0, 0]",86
51,"[0, 1]",140.79999999999777,"[50, 43]","[1.5000000000000007, 0]","[0, 0]",86
52,"[0, 1]",141.69999999999797,"[51, 51]","[2.2, 0]","[0, 0]",86
53,"[2, 3]",226.7500000000173,"[48, 50]","[27.400000000000254, 0]","[0, 0]",86
54,"[0, 1]",142.7499999999982,"[52, 52]","[2.8999999999999977, 0]","[0, 0]",86
55,"[0, 1]",148.69999999999956,"[54, 45]","[6.149999999999986, 0]","[2.3999999999999995, 0]",86
56,"[0, 1]",149.09999999999965,"[55, 55]","[4.599999999999992, 0]","[0, 0]",86
57,"[0, 1]",150.1499999999999,"[56, 56]","[5.299999999999989, 0]","[0, 0]",86
58,"[0, 1]",156.05000000000123,"[57, 48]","[8.499999999999986, 0]","[2.4499999999999993, 0]",86
59,"[0, 1]",156.4000000000013,"[58, 58]","[6.699999999999984, 0]","[0, 0]",86
60,"[0, 1]",157.45000000000155,"[59, 59]","[7.299999999999982, 0]","[0, 0]",86
61,"[0, 1]",162.80000000000277,"[60, 79]","[10.90000000000002, 0]","[2.499999999999999, 0]",86
62,"[0, 1]",163.3500000000029,"[61, 61]","[9.850000000000005, 0]","[0, 0]",86
63,"[0, 1]",164.3000000000031,"[62, 62]","[10.050000000000008, 0]","[0, 0]",86
64,"[0, 1]",165.1500000000033,"[63, 63]","[9.850000000000005, 0]","[0, 0]",86
65,"[0, 1]",154.90000000000097,"[64, 64]","[3.8499999999999943, 0]","[0, 0]",86
66,"[0, 1]",154.50000000000088,"[65, 65]","[2.4499999999999993, 0]","[0, 0]",86
67,"[0, 1]",149.2999999999997,"[66, 66]","[2.6499999999999986, 0]","[0, 0]",86
68,"[0, 1]",149.64999999999978,"[67, 67]","[2.849999999999998, 0]","[0, 0]",86
69,"[0, 1]",149.2999999999997,"[68, 68]","[2.9999999999999973, 0]","[0, 0]",86
70,"[0, 1]",149.39999999999972,"[69, 69]","[2.849999999999998, 0]","[0, 0]",86
71,"[0, 1]",142.6499999999982,"[70, 70]","[1.3500000000000005, 0]","[0, 0]",86
72,"[0, 1]",143.04999999999828,"[71, 71]","[1.7500000000000009, 0]","[0, 0]",86
73,"[0, 1]",143.84999999999846,"[72, 72]","[1.5500000000000007, 0]","[0, 0]",86
74,"[0, 1]",144.69999999999865,"[73, 73]","[1.4500000000000006, 0]","[0, 0]",86
75,"[0, 1]",140.0999999999976,"[74, 74]","[1.900000000000001, 0]","[0, 0]",86
76,"[0, 1]",139.84999999999755,"[75, 75]","[3.349999999999996, 0]","[0, 0]",86
77,"[0, 1]",140.0499999999976,"[76, 76]","[3.2999999999999963, 0]","[0, 0]",86
78,"[2, 3]",230.15000000001808,"[53, 53]","[26.850000000000247, 0]","[0, 0]",86
79,"[2, 1]",205.25000000001242,"[78, 60]","[27.90000000000026, 0]","[0, 0]",86
0,"[2, 1]",36.40000000000007,"[-999, -999]","[0, 0]","[0, 0]",87
1,"[0, 1]",76.4999999999978,"[-999, 8]","[0, 0]","[2.499999999999999, 0]",87
2,"[2, 1]",38.09999999999997,"[0, 0]","[0, 0]","[0, 0]",87
3,"[2, 1]",39.89999999999987,"[2, 2]","[0, 0]","[0, 0]",87
4,"[2, 1]",41.79999999999976,"[3, 3]","[0, 0]","[0, 0]",87
5,"[2, 1]",43.54999999999966,"[4, 4]","[0, 0]","[0, 0]",87
6,"[2, 1]",45.04999999999958,"[5, 5]","[0, 0]","[0, 0]",87
7,"[2, 1]",46.349999999999504,"[6, 6]","[0, 0]","[0, 0]",87
8,"[2, 1]",47.34999999999945,"[7, 7]","[0, 0]","[0, 0]",87
9,"[2, 1]",53.3999999999991,"[8, 1]","[3.399999999999996, 0]","[3.399999999999996, 0]",87
10,"[2, 1]",70.49999999999814,"[9, 16]","[15.500000000000085, 0]","[12.250000000000039, 0]",87
11,"[2, 1]",75.34999999999786,"[10, 17]","[23.050000000000193, 0]","[1.5000000000000007, 0]",87
12,"[2, 1]",80.44999999999757,"[11, 19]","[23.4500000000002, 0]","[0, 0]",87
13,"[2, 1]",85.74999999999727,"[12, 20]","[28.40000000000027, 0]","[0, 0]",87
14,"[0, 1]",71.99999999999805,"[1, 9]","[0, 0]","[0, 0]",87
15,"[0, 1]",73.39999999999797,"[14, 14]","[0, 0]","[0, 0]",87
16,"[0, 1]",74.54999999999791,"[15, 15]","[0, 0]","[0, 0]",87
17,"[0, 1]",80.59999999999756,"[16, 10]","[2.549999999999999, 0]","[2.549999999999999, 0]",87
18,"[2, 1]",91.04999999999697,"[13, 21]","[26.000000000000234, 0]","[0, 0]",87
19,"[0, 1]",85.3499999999973,"[17, 11]","[2.499999999999999, 0]","[2.499999999999999, 0]",87
20,"[0, 1]",90.09999999999702,"[19, 12]","[2.499999999999999, 0]","[2.499999999999999, 0]",87
21,"[0, 1]",95.04999999999674,"[20, 13]","[2.549999999999999, 0]","[2.549999999999999, 0]",87
22,"[2, 1]",96.34999999999667,"[18, 23]","[24.35000000000021, 0]","[0, 0]",87
23,"[0, 1]",99.89999999999647,"[21, 18]","[2.499999999999999, 0]","[2.499999999999999, 0]",87
24,"[0, 1]",104.74999999999619,"[23, 22]","[2.5999999999999988, 0]","[2.5999999999999988, 0]",87
25,"[0, 1]",109.64999999999591,"[24, 27]","[2.4499999999999993, 0]","[2.4499999999999993, 0]",87
26,"[0, 1]",114.74999999999562,"[25, 29]","[2.549999999999999, 0]","[2.549999999999999, 0]",87
27,"[2, 1]",101.59999999999637,"[22, 24]","[22.80000000000019, 0]","[0, 0]",87
28,"[0, 1]",120.19999999999531,"[26, 33]","[2.6999999999999984, 0]","[2.6999999999999984, 0]",87
29,"[2, 1]",106.99999999999606,"[27, 25]","[21.40000000000017, 0]","[0, 0]",87
30,"[0, 1]",126.39999999999496,"[28, 35]","[1.850000000000001, 0]","[1.850000000000001, 0]",87
31,"[0, 1]",131.59999999999567,"[30, 36]","[2.1000000000000005, 0]","[2.1000000000000005, 0]",87
32,"[0, 1]",136.5999999999968,"[31, 37]","[2.5999999999999988, 0]","[2.5999999999999988, 0]",87
33,"[2, 1]",112.39999999999576,"[29, 26]","[20.05000000000015, 0]","[0, 0]",87
34,"[0, 3]",162.85000000000278,"[32, -999]","[0, 0]","[0, 0]",87
35,"[2, 1]",118.04999999999544,"[33, 28]","[18.65000000000013, 0]","[0, 0]",87
36,"[2, 1]",123.44999999999513,"[35, 30]","[17.30000000000011, 0]","[0, 0]",87
37,"[2, 1]",128.94999999999507,"[36, 31]","[15.950000000000092, 0]","[0, 0]",87
38,"[0, 1]",136.4999999999968,"[34, 39]","[0, 0]","[0, 0]",87
39,"[2, 1]",134.3499999999963,"[37, 32]","[14.600000000000072, 0]","[0, 0]",87
40,"[0, 1]",137.34999999999698,"[38, 38]","[0, 0]","[0, 0]",87
41,"[0, 1]",138.3499999999972,"[40, 40]","[0, 0]","[0, 0]",87
42,"[2, 3]",165.00000000000327,"[39, 34]","[13.200000000000053, 0]","[0, 0]",87
43,"[2, 3]",167.60000000000386,"[42, 42]","[11.850000000000033, 0]","[0, 0]",87
44,"[0, 1]",143.79999999999845,"[41, 45]","[2.499999999999999, 0]","[2.499999999999999, 0]",87
45,"[2, 1]",143.24999999999832,"[43, 41]","[10.450000000000014, 0]","[0, 0]",87
46,"[0, 1]",144.34999999999857,"[44, 44]","[0, 0]","[0, 0]",87
47,"[2, 1]",154.50000000000088,"[45, 46]","[12.250000000000039, 0]","[3.149999999999997, 0]",87
48,"[2, 1]",154.2000000000008,"[47, 47]","[7.7499999999999805, 0]","[0, 0]",87
49,"[2, 3]",186.3000000000081,"[48, 50]","[7.4499999999999815, 0]","[0, 0]",87
50,"[0, 3]",175.10000000000556,"[46, 43]","[0, 0]","[0, 0]",87
51,"[0, 1]",152.55000000000044,"[50, 48]","[3.149999999999997, 0]","[3.149999999999997, 0]",87
52,"[0, 1]",152.60000000000045,"[51, 51]","[0, 0]","[0, 0]",87
53,"[0, 3]",186.2000000000081,"[52, 60]","[0, 0]","[0, 0]",87
54,"[0, 1]",157.45000000000155,"[53, 62]","[0, 0]","[0, 0]",87
55,"[0, 1]",158.25000000000173,"[54, 54]","[0, 0]","[0, 0]",87
56,"[0, 1]",159.30000000000197,"[55, 55]","[0, 0]","[0, 0]",87
57,"[0, 1]",165.2000000000033,"[56, 65]","[2.4499999999999993, 0]","[2.4499999999999993, 0]",87
58,"[0, 1]",170.05000000000442,"[57, 79]","[2.499999999999999, 0]","[2.499999999999999, 0]",87
59,"[0, 1]",170.50000000000452,"[58, 58]","[0, 0]","[0, 0]",87
60,"[2, 3]",189.40000000000882,"[49, 49]","[7.099999999999983, 0]","[0, 0]",87
61,"[0, 1]",171.45000000000474,"[59, 59]","[0, 0]","[0, 0]",87
62,"[2, 1]",160.55000000000226,"[60, 52]","[6.5999999999999845, 0]","[0, 0]",87
63,"[0, 1]",172.50000000000497,"[61, 61]","[0, 0]","[0, 0]",87
64,"[0, 1]",173.5000000000052,"[63, 63]","[0, 0]","[0, 0]",87
65,"[2, 1]",179.6000000000066,"[62, 56]","[15.750000000000089, 0]","[9.750000000000004, 0]",87
66,"[0, 3]",204.2500000000122,"[64, -999]","[0, 0]","[0, 0]",87
67,"[0, 1]",175.95000000000576,"[66, 64]","[0, 0]","[0, 0]",87
68,"[0, 1]",172.45000000000496,"[67, 67]","[0, 0]","[0, 0]",87
69,"[0, 1]",168.40000000000404,"[68, 68]","[0, 0]","[0, 0]",87
70,"[0, 1]",164.7000000000032,"[69, 69]","[0.44999999999999996, 0]","[0, 0]",87
71,"[0, 1]",160.7000000000023,"[70, 70]","[2.3999999999999995, 0]","[0, 0]",87
72,"[0, 1]",158.1500000000017,"[71, 71]","[3.399999999999996, 0]","[0, 0]",87
73,"[0, 1]",152.30000000000038,"[72, 72]","[3.949999999999994, 0]","[0, 0]",87
74,"[0, 1]",148.8999999999996,"[73, 73]","[4.449999999999992, 0]","[0, 0]",87
75,"[0, 1]",147.34999999999926,"[74, 74]","[4.799999999999991, 0]","[0, 0]",87
76,"[0, 3]",177.20000000000604,"[75, -999]","[4.899999999999991, 0]","[0, 0]",87
77,"[0, 1]",149.44999999999973,"[76, 75]","[4.249999999999993, 0]","[0, 0]",87
78,"[0, 1]",140.8999999999978,"[77, 77]","[0, 0]","[0, 0]",87
79,"[2, 1]",184.5000000000077,"[65, 57]","[5.299999999999989, 0]","[0, 0]",87
0,"[0, 3]",96.74999999999665,"[-999, 4]","[0, 0]","[0, 0]",88
1,"[2, 1]",36.40000000000007,"[-999, -999]","[0, 0]","[0, 0]",88
2,"[2, 1]",38.09999999999997,"[1, 1]","[0, 0]","[0, 0]",88
3,"[2, 1]",39.89999999999987,"[2, 2]","[0, 0]","[0, 0]",88
4,"[2, 3]",69.04999999999822,"[3, -999]","[0, 0]","[0, 0]",88
5,"[2, 1]",39.89999999999987,"[4, 3]","[0, 0]","[0, 0]",88
6,"[2, 1]",41.749999999999766,"[5, 5]","[0, 0]","[0, 0]",88
7,"[2, 1]",43.499999999999666,"[6, 6]","[0, 0]","[0, 0]",88
8,"[2, 1]",45.04999999999958,"[7, 7]","[0, 0]","[0, 0]",88
9,"[2, 1]",46.349999999999504,"[8, 8]","[0, 0]","[0, 0]",88
10,"[2, 1]",47.399999999999444,"[9, 9]","[0, 0]","[0, 0]",88
11,"[2, 1]",54.049999999999066,"[10, 12]","[2.9999999999999973, 0]","[2.9999999999999973, 0]",88
12,"[0, 1]",72.39999999999803,"[0, 10]","[2.3, 0]","[2.3, 0]",88
13,"[2, 1]",69.69999999999818,"[11, 16]","[9.850000000000005, 0]","[9.850000000000005, 0]",88
14,"[0, 1]",78.49999999999768,"[12, 11]","[2.3499999999999996, 0]","[2.3499999999999996, 0]",88
15,"[0, 1]",78.94999999999766,"[14, 14]","[0, 0]","[0, 0]",88
16,"[0, 1]",79.9999999999976,"[15, 15]","[0, 0]","[0, 0]",88
17,"[0, 1]",85.94999999999726,"[16, 13]","[2.4499999999999993, 0]","[2.4499999999999993, 0]",88
18,"[2, 3]",98.74999999999653,"[13, 0]","[0, 0]","[0, 0]",88
19,"[2, 1]",75.64999999999785,"[18, 20]","[0, 0]","[0, 0]",88
20,"[0, 1]",86.29999999999724,"[17, 17]","[0, 0]","[0, 0]",88
21,"[0, 1]",91.64999999999694,"[20, 19]","[2.499999999999999, 0]","[2.499999999999999, 0]",88
22,"[0, 1]",96.54999999999666,"[21, 24]","[2.4499999999999993, 0]","[2.4499999999999993, 0]",88
23,"[0, 1]",101.39999999999638,"[22, 27]","[2.499999999999999, 0]","[2.499999999999999, 0]",88
24,"[2, 1]",81.19999999999753,"[19, 21]","[23.400000000000198, 0]","[0, 0]",88
25,"[0, 1]",106.2499999999961,"[23, 29]","[2.499999999999999, 0]","[2.499999999999999, 0]",88
26,"[0, 1]",111.19999999999582,"[25, 32]","[2.4499999999999993, 0]","[2.4499999999999993, 0]",88
27,"[2, 1]",86.44999999999723,"[24, 22]","[28.650000000000272, 0]","[0, 0]",88
28,"[0, 1]",116.04999999999555,"[26, 35]","[2.499999999999999, 0]","[2.499999999999999, 0]",88
29,"[2, 1]",91.74999999999693,"[27, 23]","[26.250000000000238, 0]","[0, 0]",88
30,"[0, 1]",120.94999999999527,"[28, 36]","[2.549999999999999, 0]","[2.549999999999999, 0]",88
31,"[0, 1]",126.34999999999496,"[30, 39]","[2.5999999999999988, 0]","[2.5999999999999988, 0]",88
32,"[2, 1]",97.04999999999663,"[29, 25]","[24.550000000000214, 0]","[0, 0]",88
33,"[0, 3]",156.00000000000122,"[31, -999]","[0, 0]","[0, 0]",88
34,"[0, 1]",127.4999999999949,"[33, 41]","[1.0500000000000003, 0]","[0, 0]",88
35,"[2, 1]",102.24999999999633,"[32, 26]","[23.000000000000192, 0]","[0, 0]",88
36,"[2, 1]",107.64999999999603,"[35, 28]","[21.50000000000017, 0]","[0, 0]",88
37,"[0, 1]",128.2499999999949,"[34, 34]","[1.5500000000000007, 0]","[0, 0]",88
38,"[0, 1]",129.39999999999517,"[37, 37]","[1.6500000000000008, 0]","[0, 0]",88
39,"[2, 1]",112.84999999999573,"[36, 30]","[20.05000000000015, 0]","[0, 0]",88
40,"[0, 1]",135.29999999999652,"[38, 42]","[4.149999999999993, 0]","[2.4499999999999993, 0]",88
41,"[2, 1]",118.49999999999541,"[39, 31]","[18.55000000000013, 0]","[0, 0]",88
42,"[2, 1]",135.49999999999656,"[41, 38]","[28.40000000000027, 0]","[9.950000000000006, 0]",88
43,"[0, 1]",135.6999999999966,"[40, 40]","[1.7500000000000009, 0]","[0, 0]",88
44,"[0, 1]",141.54999999999794,"[43, 47]","[4.299999999999993, 0]","[2.549999999999999, 0]",88
45,"[0, 1]",141.89999999999802,"[44, 44]","[1.7500000000000009, 0]","[0, 0]",88
46,"[0, 1]",142.89999999999824,"[45, 45]","[1.7500000000000009, 0]","[0, 0]",88
47,"[2, 1]",146.04999999999896,"[42, 43]","[21.050000000000164, 0]","[2.9999999999999973, 0]",88
48,"[2, 3]",174.95000000000553,"[47, 33]","[17.050000000000107, 0]","[0, 0]",88
49,"[0, 1]",148.29999999999947,"[46, 58]","[4.149999999999993, 0]","[2.4499999999999993, 0]",88
50,"[0, 3]",178.40000000000632,"[49, 55]","[1.6500000000000008, 0]","[0, 0]",88
51,"[0, 1]",149.6999999999998,"[50, 65]","[1.6500000000000008, 0]","[0, 0]",88
52,"[0, 1]",150.49999999999997,"[51, 51]","[1.6500000000000008, 0]","[0, 0]",88
53,"[0, 1]",151.60000000000022,"[52, 52]","[1.7000000000000008, 0]","[0, 0]",88
54,"[0, 3]",182.7000000000073,"[53, 50]","[2.2, 0]","[0, 0]",88
55,"[2, 3]",178.25000000000628,"[48, 48]","[15.85000000000009, 0]","[0, 0]",88
56,"[0, 1]",154.90000000000097,"[54, 66]","[3.2999999999999963, 0]","[0, 0]",88
57,"[0, 1]",155.8500000000012,"[56, 56]","[4.249999999999993, 0]","[0, 0]",88
58,"[2, 1]",153.40000000000063,"[55, 46]","[14.550000000000072, 0]","[0, 0]",88
59,"[0, 1]",156.90000000000143,"[57, 57]","[4.799999999999991, 0]","[0, 0]",88
60,"[0, 1]",158.00000000000168,"[59, 59]","[5.1999999999999895, 0]","[0, 0]",88
61,"[0, 1]",158.9500000000019,"[60, 60]","[5.449999999999989, 0]","[0, 0]",88
62,"[0, 3]",189.95000000000894,"[61, 78]","[5.649999999999988, 0]","[0, 0]",88
63,"[0, 1]",162.20000000000263,"[62, 61]","[5.899999999999987, 0]","[0, 0]",88
64,"[0, 1]",161.2000000000024,"[63, 63]","[5.999999999999987, 0]","[0, 0]",88
65,"[2, 1]",159.25000000000196,"[58, 49]","[13.250000000000053, 0]","[0, 0]",88
66,"[2, 1]",176.1000000000058,"[65, 53]","[18.250000000000124, 0]","[6.349999999999985, 0]",88
67,"[0, 1]",157.2500000000015,"[64, 64]","[6.249999999999986, 0]","[0, 0]",88
68,"[0, 1]",143.1499999999983,"[67, 67]","[0.9500000000000003, 0]","[0, 0]",88
69,"[0, 1]",142.89999999999824,"[68, 68]","[0.9500000000000003, 0]","[0, 0]",88
70,"[0, 1]",138.39999999999722,"[69, 69]","[1.6500000000000008, 0]","[0, 0]",88
71,"[0, 1]",138.09999999999715,"[70, 70]","[2.25, 0]","[0, 0]",88
72,"[0, 1]",136.19999999999672,"[71, 71]","[2.499999999999999, 0]","[0, 0]",88
73,"[0, 1]",136.79999999999686,"[72, 72]","[2.3499999999999996, 0]","[0, 0]",88
74,"[2, 3]",207.95000000001303,"[66, 54]","[10.85000000000002, 0]","[0, 0]",88
75,"[0, 1]",137.69999999999706,"[73, 73]","[1.850000000000001, 0]","[0, 0]",88
76,"[2, 3]",210.35000000001358,"[74, 74]","[11.300000000000026, 0]","[0, 0]",88
77,"[0, 1]",138.44999999999723,"[75, 75]","[1.2000000000000004, 0]","[0, 0]",88
78,"[2, 3]",212.75000000001413,"[76, 76]","[13.75000000000006, 0]","[0, 0]",88
79,"[0, 1]",134.24999999999628,"[77, 77]","[1.0500000000000003, 0]","[0, 0]",88
0,"[2, 1]",36.40000000000007,"[-999, -999]","[0, 0]","[0, 0]",89
1,"[2, 1]",38.09999999999997,"[0, 0]","[0, 0]","[0, 0]",89
2,"[2, 1]",39.89999999999987,"[1, 1]","[0, 0]","[0, 0]",89
3,"[2, 1]",41.79999999999976,"[2, 2]","[0, 0]","[0, 0]",89
4,"[2, 3]",70.24999999999815,"[3, -999]","[0, 0]","[0, 0]",89
5,"[2, 1]",38.69999999999994,"[4, 3]","[0, 0]","[0, 0]",89
6,"[2, 1]",40.64999999999983,"[5, 5]","[0, 0]","[0, 0]",89
7,"[2, 1]",42.49999999999972,"[6, 6]","[0, 0]","[0, 0]",89
8,"[2, 1]",44.049999999999635,"[7, 7]","[0, 0]","[0, 0]",89
9,"[2, 1]",45.59999999999955,"[8, 8]","[0, 0]","[0, 0]",89
10,"[2, 1]",46.849999999999476,"[9, 9]","[0, 0]","[0, 0]",89
11,"[2, 1]",53.29999999999911,"[10, 14]","[2.3499999999999996, 0]","[2.3499999999999996, 0]",89
12,"[2, 1]",63.899999999998506,"[11, 16]","[9.800000000000004, 0]","[9.800000000000004, 0]",89
13,"[2, 1]",74.39999999999792,"[12, 19]","[17.700000000000117, 0]","[5.4999999999999885, 0]",89
14,"[0, 1]",72.24999999999804,"[-999, 10]","[0, 0]","[2.3999999999999995, 0]",89
15,"[0, 1]",78.34999999999769,"[14, 11]","[2.25, 0]","[2.25, 0]",89
16,"[0, 1]",78.84999999999766,"[15, 15]","[0, 0]","[0, 0]",89
17,"[0, 1]",84.69999999999733,"[16, 12]","[2.4499999999999993, 0]","[2.4499999999999993, 0]",89
18,"[2, 3]",104.39999999999621,"[13, -999]","[27.600000000000257, 0]","[1.1500000000000004, 0]",89
19,"[0, 1]",85.09999999999731,"[17, 17]","[0, 0]","[0, 0]",89
20,"[0, 1]",92.3499999999969,"[19, 13]","[1.0000000000000002, 0]","[1.0000000000000002, 0]",89
21,"[2, 1]",86.44999999999723,"[18, 23]","[33.150000000000254, 0]","[2.9999999999999973, 0]",89
22,"[0, 1]",91.74999999999693,"[20, 20]","[0, 0]","[0, 0]",89
23,"[0, 1]",92.2499999999969,"[22, 22]","[0, 0]","[0, 0]",89
24,"[2, 1]",91.44999999999695,"[21, 25]","[28.100000000000264, 0]","[0, 0]",89
25,"[0, 1]",98.09999999999657,"[23, 21]","[2.3999999999999995, 0]","[2.3999999999999995, 0]",89
26,"[0, 1]",104.6499999999962,"[25, 24]","[1.800000000000001, 0]","[1.800000000000001, 0]",89
27,"[2, 3]",122.0999999999952,"[24, 18]","[26.200000000000237, 0]","[0, 0]",89
28,"[0, 1]",103.99999999999623,"[26, 26]","[0, 0]","[0, 0]",89
29,"[0, 1]",104.5999999999962,"[28, 28]","[0, 0]","[0, 0]",89
30,"[2, 1]",103.99999999999623,"[27, 29]","[26.700000000000244, 0]","[2.0500000000000007, 0]",89
31,"[0, 1]",110.49999999999586,"[29, 30]","[2.3999999999999995, 0]","[2.3999999999999995, 0]",89
32,"[2, 1]",109.09999999999594,"[30, 31]","[23.150000000000194, 0]","[0, 0]",89
33,"[2, 1]",114.39999999999564,"[32, 36]","[21.750000000000174, 0]","[0, 0]",89
34,"[2, 3]",145.3999999999988,"[33, 27]","[20.300000000000153, 0]","[0, 0]",89
35,"[2, 1]",117.69999999999546,"[34, 37]","[20.450000000000156, 0]","[0, 0]",89
36,"[0, 1]",117.04999999999549,"[31, 32]","[1.7500000000000009, 0]","[1.7500000000000009, 0]",89
37,"[0, 1]",122.0999999999952,"[36, 33]","[2.4499999999999993, 0]","[2.4499999999999993, 0]",89
38,"[0, 3]",153.60000000000068,"[37, 34]","[2.3, 0]","[2.3, 0]",89
39,"[0, 1]",125.799999999995,"[38, 35]","[0, 0]","[0, 0]",89
40,"[0, 1]",126.24999999999497,"[39, 39]","[0.6, 0]","[0, 0]",89
41,"[0, 1]",131.59999999999567,"[40, 43]","[3.4999999999999956, 0]","[2.4499999999999993, 0]",89
42,"[2, 3]",151.40000000000018,"[35, 38]","[20.500000000000156, 0]","[0, 0]",89
43,"[2, 1]",126.74999999999494,"[42, 40]","[20.550000000000157, 0]","[0, 0]",89
44,"[0, 1]",138.2499999999972,"[41, 45]","[3.649999999999995, 0]","[2.1500000000000004, 0]",89
45,"[2, 1]",132.74999999999594,"[43, 41]","[21.50000000000017, 0]","[0, 0]",89
46,"[0, 1]",137.69999999999706,"[44, 44]","[1.900000000000001, 0]","[0, 0]",89
47,"[0, 1]",144.29999999999856,"[46, 53]","[5.299999999999989, 0]","[2.9499999999999975, 0]",89
48,"[0, 1]",143.69999999999843,"[47, 47]","[2.799999999999998, 0]","[0, 0]",89
49,"[2, 3]",162.9500000000028,"[45, 42]","[21.050000000000164, 0]","[0, 0]",89
50,"[0, 3]",174.10000000000534,"[48, 49]","[3.2999999999999963, 0]","[0, 0]",89
51,"[0, 1]",146.29999999999902,"[50, 59]","[3.649999999999995, 0]","[0, 0]",89
52,"[0, 1]",147.19999999999922,"[51, 51]","[3.999999999999994, 0]","[0, 0]",89
53,"[2, 1]",138.54999999999725,"[49, 46]","[20.250000000000153, 0]","[0, 0]",89
54,"[0, 1]",148.29999999999947,"[52, 52]","[4.249999999999993, 0]","[0, 0]",89
55,"[0, 1]",149.3499999999997,"[54, 54]","[4.99999999999999, 0]","[0, 0]",89
56,"[0, 1]",150.34999999999994,"[55, 55]","[5.699999999999988, 0]","[0, 0]",89
57,"[0, 1]",151.35000000000016,"[56, 56]","[6.0499999999999865, 0]","[0, 0]",89
58,"[0, 1]",152.3500000000004,"[57, 57]","[5.749999999999988, 0]","[0, 0]",89
59,"[2, 1]",150.75000000000003,"[53, 48]","[24.150000000000208, 0]","[2.3499999999999996, 0]",89
60,"[0, 1]",153.45000000000064,"[58, 58]","[5.949999999999987, 0]","[0, 0]",89
61,"[0, 1]",154.50000000000088,"[60, 60]","[5.999999999999987, 0]","[0, 0]",89
62,"[0, 3]",185.4000000000079,"[61, 76]","[6.149999999999986, 0]","[0, 0]",89
63,"[0, 1]",158.1500000000017,"[62, 61]","[6.249999999999986, 0]","[0, 0]",89
64,"[0, 1]",159.05000000000192,"[63, 63]","[6.399999999999985, 0]","[0, 0]",89
65,"[0, 1]",158.70000000000184,"[64, 64]","[6.499999999999985, 0]","[0, 0]",89
66,"[0, 1]",153.15000000000057,"[65, 65]","[5.4999999999999885, 0]","[0, 0]",89
67,"[0, 1]",153.15000000000057,"[66, 66]","[5.549999999999988, 0]","[0, 0]",89
68,"[0, 1]",153.60000000000068,"[67, 67]","[4.94999999999999, 0]","[0, 0]",89
69,"[0, 1]",144.64999999999864,"[68, 68]","[2.1000000000000005, 0]","[0, 0]",89
70,"[0, 1]",142.89999999999824,"[69, 69]","[2.7499999999999982, 0]","[0, 0]",89
71,"[0, 1]",142.59999999999818,"[70, 70]","[3.1999999999999966, 0]","[0, 0]",89
72,"[0, 1]",141.49999999999793,"[71, 71]","[3.599999999999995, 0]","[0, 0]",89
73,"[0, 1]",140.84999999999778,"[72, 72]","[4.599999999999992, 0]","[0, 0]",89
74,"[0, 1]",141.19999999999786,"[73, 73]","[4.249999999999993, 0]","[0, 0]",89
75,"[0, 1]",135.79999999999663,"[74, 74]","[4.249999999999993, 0]","[0, 0]",89
76,"[2, 3]",182.40000000000722,"[59, 50]","[23.400000000000198, 0]","[0, 0]",89
77,"[0, 1]",128.649999999995,"[75, 75]","[1.4500000000000006, 0]","[0, 0]",89
78,"[0, 1]",126.79999999999494,"[77, 77]","[0, 0]","[0, 0]",89
79,"[0, 1]",123.14999999999515,"[78, 78]","[0, 0]","[0, 0]",89
0,"[2, 1]",36.40000000000007,"[-999, -999]","[0, 0]","[0, 0]",90
1,"[2, 1]",38.09999999999997,"[0, 0]","[0, 0]","[0, 0]",90
2,"[2, 1]",39.89999999999987,"[1, 1]","[0, 0]","[0, 0]",90
3,"[2, 1]",41.79999999999976,"[2, 2]","[0, 0]","[0, 0]",90
4,"[2, 1]",43.54999999999966,"[3, 3]","[0, 0]","[0, 0]",90
5,"[2, 1]",45.099999999999575,"[4, 4]","[0, 0]","[0, 0]",90
6,"[2, 1]",46.349999999999504,"[5, 5]","[0, 0]","[0, 0]",90
7,"[2, 1]",47.34999999999945,"[6, 6]","[0, 0]","[0, 0]",90
8,"[2, 1]",48.54999999999938,"[7, 7]","[0, 0]","[0, 0]",90
9,"[2, 1]",50.199999999999285,"[8, 8]","[0, 0]","[0, 0]",90
10,"[2, 1]",63.199999999998546,"[9, 16]","[2.7499999999999982, 0]","[2.7499999999999982, 0]",90
11,"[2, 1]",68.09999999999827,"[10, 17]","[0, 0]","[0, 0]",90
12,"[2, 3]",97.5499999999966,"[11, -999]","[11.850000000000033, 0]","[0, 0]",90
13,"[2, 1]",74.44999999999791,"[12, 21]","[21.100000000000165, 0]","[0, 0]",90
14,"[2, 1]",90.99999999999697,"[13, 26]","[25.400000000000226, 0]","[6.649999999999984, 0]",90
15,"[0, 1]",72.899999999998,"[-999, 9]","[0, 0]","[2.8999999999999977, 0]",90
16,"[0, 1]",73.84999999999795,"[15, 15]","[0, 0]","[0, 0]",90
17,"[0, 1]",79.74999999999761,"[16, 10]","[2.3999999999999995, 0]","[2.3999999999999995, 0]",90
18,"[2, 3]",120.19999999999531,"[14, 12]","[17.050000000000107, 0]","[0, 0]",90
19,"[2, 1]",96.74999999999665,"[18, 31]","[15.500000000000085, 0]","[0, 0]",90
20,"[0, 1]",85.54999999999728,"[17, 11]","[2.7499999999999982, 0]","[2.7499999999999982, 0]",90
21,"[0, 1]",85.49999999999729,"[20, 20]","[0, 0]","[0, 0]",90
22,"[0, 1]",90.69999999999699,"[21, 13]","[2.549999999999999, 0]","[2.549999999999999, 0]",90
23,"[2, 1]",102.59999999999631,"[19, 32]","[14.000000000000064, 0]","[0, 0]",90
24,"[0, 1]",91.14999999999696,"[22, 22]","[0, 0]","[0, 0]",90
25,"[2, 1]",110.04999999999589,"[23, 37]","[14.800000000000075, 0]","[2.25, 0]",90
26,"[0, 1]",92.14999999999691,"[24, 24]","[0, 0]","[0, 0]",90
27,"[2, 3]",138.94999999999735,"[25, 34]","[11.050000000000022, 0]","[0, 0]",90
28,"[0, 1]",98.19999999999656,"[26, 14]","[2.549999999999999, 0]","[2.549999999999999, 0]",90
29,"[2, 3]",142.2499999999981,"[27, 27]","[9.600000000000001, 0]","[0, 0]",90
30,"[2, 1]",117.44999999999547,"[29, 44]","[9.249999999999996, 0]","[0, 0]",90
31,"[0, 1]",98.49999999999655,"[28, 28]","[0, 0]","[0, 0]",90
32,"[0, 1]",103.79999999999625,"[31, 19]","[2.499999999999999, 0]","[2.499999999999999, 0]",90
33,"[2, 1]",123.19999999999514,"[30, 46]","[9.249999999999996, 0]","[0, 0]",90
34,"[0, 3]",133.8499999999962,"[32, 18]","[0, 0]","[0, 0]",90
35,"[2, 1]",129.4999999999952,"[33, 51]","[10.050000000000008, 0]","[0, 0]",90
36,"[2, 1]",134.8499999999964,"[35, 52]","[11.850000000000033, 0]","[0, 0]",90
37,"[0, 1]",105.54999999999615,"[34, 23]","[0, 0]","[0, 0]",90
38,"[2, 1]",140.14999999999762,"[36, 53]","[22.000000000000178, 0]","[0, 0]",90
39,"[2, 1]",145.64999999999887,"[38, 56]","[23.300000000000196, 0]","[0, 0]",90
40,"[0, 1]",111.5999999999958,"[37, 25]","[2.549999999999999, 0]","[2.549999999999999, 0]",90
41,"[2, 1]",151.0500000000001,"[39, 57]","[23.300000000000196, 0]","[0, 0]",90
42,"[2, 1]",156.55000000000135,"[41, 58]","[23.950000000000205, 0]","[0, 0]",90
43,"[0, 1]",111.84999999999579,"[40, 40]","[0, 0]","[0, 0]",90
44,"[0, 1]",112.79999999999573,"[43, 43]","[0, 0]","[0, 0]",90
45,"[2, 1]",162.0500000000026,"[42, 59]","[24.500000000000213, 0]","[0, 0]",90
46,"[0, 1]",118.24999999999542,"[44, 30]","[2.3999999999999995, 0]","[2.3999999999999995, 0]",90
47,"[2, 1]",167.50000000000384,"[45, 61]","[25.65000000000023, 0]","[0, 0]",90
48,"[2, 1]",173.0000000000051,"[47, 62]","[28.900000000000276, 0]","[0, 0]",90
49,"[0, 3]",148.3999999999995,"[46, 29]","[0, 0]","[0, 0]",90
50,"[2, 1]",178.45000000000633,"[48, 63]","[31.800000000000317, 0]","[0, 0]",90
51,"[0, 1]",119.59999999999535,"[49, 33]","[0, 0]","[0, 0]",90
52,"[0, 1]",125.34999999999502,"[51, 35]","[2.499999999999999, 0]","[2.499999999999999, 0]",90
53,"[0, 1]",131.7499999999957,"[52, 36]","[2.3, 0]","[2.3, 0]",90
54,"[2, 1]",183.90000000000757,"[50, 64]","[33.20000000000025, 0]","[0, 0]",90
55,"[2, 1]",189.40000000000882,"[54, 66]","[33.75000000000022, 0]","[0, 0]",90
56,"[0, 1]",136.84999999999687,"[53, 38]","[2.499999999999999, 0]","[2.499999999999999, 0]",90
57,"[0, 1]",141.89999999999802,"[56, 39]","[2.4499999999999993, 0]","[2.4499999999999993, 0]",90
58,"[0, 1]",146.94999999999916,"[57, 41]","[2.549999999999999, 0]","[2.549999999999999, 0]",90
59,"[0, 1]",152.0000000000003,"[58, 42]","[2.549999999999999, 0]","[2.549999999999999, 0]",90
60,"[2, 3]",220.25000000001583,"[55, -999]","[34.95000000000015, 0]","[0, 0]",90
61,"[0, 1]",157.10000000000147,"[59, 45]","[2.3499999999999996, 0]","[2.3499999999999996, 0]",90
62,"[0, 1]",162.15000000000262,"[61, 47]","[2.3499999999999996, 0]","[2.3499999999999996, 0]",90
63,"[0, 1]",167.25000000000378,"[62, 48]","[2.3, 0]","[2.3, 0]",90
64,"[0, 1]",172.30000000000493,"[63, 50]","[2.9999999999999973, 0]","[2.3499999999999996, 0]",90
65,"[2, 1]",195.25000000001015,"[60, 68]","[36.20000000000008, 0]","[0, 0]",90
66,"[0, 1]",177.35000000000608,"[64, 54]","[2.5999999999999988, 0]","[2.3, 0]",90
67,"[0, 1]",182.40000000000722,"[66, 55]","[2.25, 0]","[2.25, 0]",90
68,"[0, 1]",181.8500000000071,"[67, 67]","[0, 0]","[0, 0]",90
69,"[0, 1]",188.5000000000086,"[68, 65]","[2.6999999999999984, 0]","[2.6999999999999984, 0]",90
70,"[0, 1]",187.90000000000848,"[69, 69]","[0, 0]","[0, 0]",90
71,"[0, 1]",194.60000000001,"[70, 79]","[2.9999999999999973, 0]","[2.9999999999999973, 0]",90
72,"[0, 1]",193.7500000000098,"[71, 71]","[0, 0]","[0, 0]",90
73,"[0, 1]",193.2500000000097,"[72, 72]","[0, 0]","[0, 0]",90
74,"[0, 1]",192.10000000000943,"[73, 73]","[0, 0]","[0, 0]",90
75,"[0, 1]",188.10000000000852,"[74, 74]","[0, 0]","[0, 0]",90
76,"[0, 3]",217.85000000001529,"[75, 78]","[0.7000000000000001, 0]","[0, 0]",90
77,"[0, 1]",189.95000000000894,"[76, 75]","[1.1500000000000004, 0]","[0, 0]",90
78,"[2, 3]",226.85000000001733,"[65, 60]","[35.9000000000001, 0]","[0, 0]",90
79,"[2, 1]",202.20000000001173,"[78, 70]","[35.40000000000013, 0]","[0, 0]",90
0,"[2, 1]",36.40000000000007,"[-999, -999]","[0, 0]","[0, 0]",91
1,"[2, 1]",38.09999999999997,"[0, 0]","[0, 0]","[0, 0]",91
2,"[2, 1]",39.89999999999987,"[1, 1]","[0, 0]","[0, 0]",91
3,"[2, 1]",41.79999999999976,"[2, 2]","[0, 0]","[0, 0]",91
4,"[2, 1]",43.54999999999966,"[3, 3]","[0, 0]","[0, 0]",91
5,"[2, 1]",45.04999999999958,"[4, 4]","[0, 0]","[0, 0]",91
6,"[2, 3]",71.79999999999806,"[5, -999]","[0, 0]","[0, 0]",91
7,"[2, 1]",43.94999999999964,"[6, 5]","[0, 0]","[0, 0]",91
8,"[2, 1]",45.799999999999535,"[7, 7]","[0, 0]","[0, 0]",91
9,"[2, 1]",47.199999999999456,"[8, 8]","[0, 0]","[0, 0]",91
10,"[2, 1]",48.29999999999939,"[9, 9]","[0, 0]","[0, 0]",91
11,"[2, 1]",65.64999999999841,"[10, 16]","[9.650000000000002, 0]","[9.650000000000002, 0]",91
12,"[0, 3]",96.74999999999665,"[-999, 6]","[0, 0]","[0, 0]",91
13,"[2, 1]",76.19999999999781,"[11, 20]","[2.6999999999999984, 0]","[2.6999999999999984, 0]",91
14,"[0, 1]",72.849999999998,"[12, 10]","[0, 0]","[0, 0]",91
15,"[0, 1]",73.79999999999795,"[14, 14]","[0, 0]","[0, 0]",91
16,"[0, 1]",74.84999999999789,"[15, 15]","[0, 0]","[0, 0]",91
17,"[0, 1]",80.84999999999755,"[16, 11]","[2.3999999999999995, 0]","[2.3999999999999995, 0]",91
18,"[2, 1]",80.99999999999754,"[13, 21]","[0, 0]","[0, 0]",91
19,"[2, 1]",86.49999999999723,"[18, 23]","[28.40000000000027, 0]","[0, 0]",91
20,"[0, 1]",81.29999999999752,"[17, 17]","[0, 0]","[0, 0]",91
21,"[0, 1]",87.0999999999972,"[20, 13]","[2.4499999999999993, 0]","[2.4499999999999993, 0]",91
22,"[2, 1]",92.04999999999691,"[19, 24]","[33.95000000000021, 0]","[0, 0]",91
23,"[0, 1]",92.04999999999691,"[21, 18]","[2.549999999999999, 0]","[2.549999999999999, 0]",91
24,"[0, 1]",97.24999999999662,"[23, 19]","[2.5999999999999988, 0]","[2.5999999999999988, 0]",91
25,"[0, 1]",103.29999999999627,"[24, 22]","[2.9499999999999975, 0]","[2.9499999999999975, 0]",91
26,"[0, 1]",108.39999999999598,"[25, 29]","[2.3, 0]","[2.3, 0]",91
27,"[0, 1]",113.3999999999957,"[26, 30]","[2.4499999999999993, 0]","[2.4499999999999993, 0]",91
28,"[0, 1]",118.49999999999541,"[27, 32]","[2.4499999999999993, 0]","[2.4499999999999993, 0]",91
29,"[2, 1]",97.04999999999663,"[22, 25]","[31.600000000000314, 0]","[0, 0]",91
30,"[2, 1]",102.49999999999632,"[29, 26]","[29.95000000000029, 0]","[0, 0]",91
31,"[0, 1]",123.54999999999512,"[28, 33]","[2.3999999999999995, 0]","[2.3999999999999995, 0]",91
32,"[2, 1]",107.94999999999601,"[30, 27]","[28.350000000000268, 0]","[0, 0]",91
33,"[2, 1]",113.4999999999957,"[32, 28]","[26.850000000000247, 0]","[0, 0]",91
34,"[0, 3]",151.9500000000003,"[31, -999]","[0, 0]","[0, 0]",91
35,"[2, 1]",118.94999999999538,"[33, 31]","[25.400000000000226, 0]","[0, 0]",91
36,"[0, 1]",123.8499999999951,"[34, 35]","[0, 0]","[0, 0]",91
37,"[0, 1]",124.94999999999504,"[36, 36]","[0, 0]","[0, 0]",91
38,"[2, 3]",151.1000000000001,"[35, 34]","[23.950000000000205, 0]","[0, 0]",91
39,"[2, 3]",153.55000000000067,"[38, 38]","[24.35000000000021, 0]","[0, 0]",91
40,"[0, 1]",126.04999999999498,"[37, 37]","[0.7000000000000001, 0]","[0, 0]",91
41,"[0, 1]",131.49999999999565,"[40, 45]","[2.9999999999999973, 0]","[2.4499999999999993, 0]",91
42,"[0, 1]",138.14999999999716,"[41, 48]","[2.0500000000000007, 0]","[2.0500000000000007, 0]",91
43,"[0, 1]",143.24999999999832,"[42, 50]","[2.25, 0]","[2.25, 0]",91
44,"[0, 1]",148.29999999999947,"[43, 51]","[2.4499999999999993, 0]","[2.4499999999999993, 0]",91
45,"[2, 1]",128.44999999999496,"[39, 40]","[23.950000000000205, 0]","[0, 0]",91
46,"[0, 1]",147.64999999999932,"[44, 44]","[0, 0]","[0, 0]",91
47,"[0, 1]",148.29999999999947,"[46, 46]","[2.499999999999999, 0]","[0, 0]",91
48,"[2, 1]",134.19999999999627,"[45, 41]","[23.150000000000194, 0]","[0, 0]",91
49,"[0, 3]",179.00000000000645,"[47, 55]","[4.399999999999992, 0]","[0, 0]",91
50,"[2, 1]",139.54999999999748,"[48, 42]","[22.05000000000018, 0]","[0, 0]",91
51,"[2, 1]",145.04999999999873,"[50, 43]","[20.80000000000016, 0]","[0, 0]",91
52,"[0, 1]",149.6999999999998,"[49, 59]","[5.04999999999999, 0]","[0, 0]",91
53,"[2, 3]",175.85000000000574,"[51, 39]","[20.65000000000016, 0]","[0, 0]",91
54,"[0, 1]",150.6,"[52, 52]","[5.449999999999989, 0]","[0, 0]",91
55,"[2, 3]",178.8000000000064,"[53, 53]","[19.95000000000015, 0]","[0, 0]",91
56,"[0, 1]",158.1000000000017,"[54, 66]","[6.849999999999984, 0]","[1.2000000000000004, 0]",91
57,"[0, 1]",157.50000000000156,"[56, 56]","[5.799999999999987, 0]","[0, 0]",91
58,"[0, 1]",158.0500000000017,"[57, 57]","[5.949999999999987, 0]","[0, 0]",91
59,"[2, 1]",153.10000000000056,"[55, 47]","[19.050000000000136, 0]","[0, 0]",91
60,"[0, 3]",188.8500000000087,"[58, 49]","[6.5999999999999845, 0]","[0, 0]",91
61,"[0, 1]",161.6000000000025,"[60, 58]","[6.949999999999983, 0]","[0, 0]",91
62,"[0, 3]",193.00000000000963,"[61, 60]","[7.149999999999983, 0]","[0, 0]",91
63,"[0, 1]",165.50000000000338,"[62, 61]","[8.649999999999988, 0]","[0, 0]",91
64,"[0, 1]",166.60000000000363,"[63, 63]","[10.100000000000009, 0]","[0, 0]",91
65,"[0, 3]",197.7000000000107,"[64, 62]","[11.000000000000021, 0]","[0, 0]",91
66,"[2, 1]",164.95000000000326,"[59, 54]","[24.750000000000217, 0]","[6.8999999999999835, 0]",91
67,"[0, 1]",169.9500000000044,"[65, 64]","[11.850000000000033, 0]","[0, 0]",91
68,"[0, 1]",168.80000000000413,"[67, 67]","[12.550000000000043, 0]","[0, 0]",91
69,"[0, 1]",154.00000000000077,"[68, 68]","[6.399999999999985, 0]","[0, 0]",91
70,"[0, 1]",153.55000000000067,"[69, 69]","[6.449999999999985, 0]","[0, 0]",91
71,"[0, 1]",148.69999999999956,"[70, 70]","[7.299999999999982, 0]","[0, 0]",91
72,"[0, 1]",148.79999999999959,"[71, 71]","[7.84999999999998, 0]","[0, 0]",91
73,"[0, 1]",147.34999999999926,"[72, 72]","[8.349999999999984, 0]","[0, 0]",91
74,"[0, 1]",147.89999999999938,"[73, 73]","[8.899999999999991, 0]","[0, 0]",91
75,"[0, 1]",148.74999999999957,"[74, 74]","[8.949999999999992, 0]","[0, 0]",91
76,"[0, 1]",149.3499999999997,"[75, 75]","[8.349999999999984, 0]","[0, 0]",91
77,"[0, 1]",144.74999999999866,"[76, 76]","[8.249999999999982, 0]","[0, 0]",91
78,"[0, 3]",170.60000000000454,"[77, -999]","[8.04999999999998, 0]","[0, 0]",91
79,"[0, 1]",134.24999999999628,"[78, 77]","[5.249999999999989, 0]","[0, 0]",91
0,"[2, 1]",36.40000000000007,"[-999, -999]","[0, 0]","[0, 0]",92
1,"[2, 1]",38.09999999999997,"[0, 0]","[0, 0]","[0, 0]",92
2,"[2, 1]",39.89999999999987,"[1, 1]","[0, 0]","[0, 0]",92
3,"[2, 1]",41.79999999999976,"[2, 2]","[0, 0]","[0, 0]",92
4,"[2, 1]",43.54999999999966,"[3, 3]","[0, 0]","[0, 0]",92
5,"[2, 1]",45.099999999999575,"[4, 4]","[0, 0]","[0, 0]",92
6,"[2, 1]",46.349999999999504,"[5, 5]","[0, 0]","[0, 0]",92
7,"[2, 1]",47.34999999999945,"[6, 6]","[0, 0]","[0, 0]",92
8,"[2, 1]",48.49999999999938,"[7, 7]","[0, 0]","[0, 0]",92
9,"[2, 1]",69.99999999999817,"[8, 16]","[13.100000000000051, 0]","[13.100000000000051, 0]",92
10,"[2, 1]",79.79999999999761,"[9, 18]","[2.3, 0]","[2.3, 0]",92
11,"[2, 1]",84.69999999999733,"[10, 19]","[0, 0]","[0, 0]",92
12,"[0, 1]",68.94999999999823,"[-999, 8]","[0, 0]","[0, 0]",92
13,"[2, 1]",95.8999999999967,"[11, 22]","[34.60000000000017, 0]","[2.549999999999999, 0]",92
14,"[0, 1]",70.44999999999814,"[12, 12]","[0, 0]","[0, 0]",92
15,"[0, 1]",71.34999999999809,"[14, 14]","[0, 0]","[0, 0]",92
16,"[0, 1]",72.04999999999805,"[15, 15]","[0, 0]","[0, 0]",92
17,"[0, 1]",78.74999999999767,"[16, 9]","[1.4000000000000006, 0]","[1.4000000000000006, 0]",92
18,"[0, 1]",78.04999999999771,"[17, 17]","[0, 0]","[0, 0]",92
19,"[0, 1]",83.5999999999974,"[18, 10]","[2.499999999999999, 0]","[2.499999999999999, 0]",92
20,"[2, 1]",100.84999999999641,"[13, 24]","[37.74999999999999, 0]","[0, 0]",92
21,"[0, 1]",89.39999999999706,"[19, 11]","[2.799999999999998, 0]","[2.799999999999998, 0]",92
22,"[0, 1]",89.19999999999708,"[21, 21]","[0, 0]","[0, 0]",92
23,"[2, 1]",106.19999999999611,"[20, 25]","[35.40000000000013, 0]","[0, 0]",92
24,"[0, 1]",94.89999999999675,"[22, 13]","[2.499999999999999, 0]","[2.499999999999999, 0]",92
25,"[0, 1]",101.24999999999639,"[24, 20]","[1.900000000000001, 0]","[1.900000000000001, 0]",92
26,"[0, 1]",106.3499999999961,"[25, 23]","[2.3, 0]","[2.3, 0]",92
27,"[2, 1]",111.6499999999958,"[23, 26]","[33.70000000000022, 0]","[0, 0]",92
28,"[0, 1]",111.39999999999581,"[26, 27]","[2.5999999999999988, 0]","[2.5999999999999988, 0]",92
29,"[0, 1]",116.44999999999553,"[28, 32]","[2.3, 0]","[2.3, 0]",92
30,"[0, 1]",115.79999999999556,"[29, 29]","[0, 0]","[0, 0]",92
31,"[0, 1]",116.39999999999553,"[30, 30]","[0, 0]","[0, 0]",92
32,"[2, 1]",117.09999999999549,"[27, 28]","[32.15000000000031, 0]","[0, 0]",92
33,"[2, 3]",146.59999999999908,"[32, -999]","[30.6500000000003, 0]","[0, 0]",92
34,"[2, 3]",149.49999999999974,"[33, 33]","[29.20000000000028, 0]","[0, 0]",92
35,"[0, 1]",121.84999999999522,"[31, 39]","[2.499999999999999, 0]","[2.499999999999999, 0]",92
36,"[0, 1]",122.2999999999952,"[35, 35]","[0, 0]","[0, 0]",92
37,"[0, 1]",128.1499999999949,"[36, 48]","[2.4499999999999993, 0]","[2.4499999999999993, 0]",92
38,"[0, 1]",133.29999999999606,"[37, 49]","[2.5999999999999988, 0]","[2.5999999999999988, 0]",92
39,"[2, 1]",125.29999999999502,"[34, 31]","[28.60000000000027, 0]","[0, 0]",92
40,"[0, 1]",139.09999999999738,"[38, 50]","[2.849999999999998, 0]","[2.849999999999998, 0]",92
41,"[0, 1]",138.94999999999735,"[40, 40]","[0, 0]","[0, 0]",92
42,"[0, 1]",144.64999999999864,"[41, 54]","[2.549999999999999, 0]","[2.549999999999999, 0]",92
43,"[0, 1]",150.90000000000006,"[42, 63]","[2.4499999999999993, 0]","[2.4499999999999993, 0]",92
44,"[0, 1]",155.9500000000012,"[43, 69]","[2.3, 0]","[2.3, 0]",92
45,"[0, 1]",161.05000000000237,"[44, 76]","[2.2, 0]","[2.2, 0]",92
46,"[0, 1]",160.40000000000222,"[45, 45]","[0, 0]","[0, 0]",92
47,"[0, 1]",161.05000000000237,"[46, 46]","[0, 0]","[0, 0]",92
48,"[2, 1]",136.44999999999678,"[39, 36]","[31.700000000000315, 0]","[2.8999999999999977, 0]",92
49,"[2, 1]",141.3499999999979,"[48, 37]","[28.55000000000027, 0]","[0, 0]",92
50,"[2, 1]",146.79999999999913,"[49, 38]","[28.750000000000274, 0]","[0, 0]",92
51,"[0, 1]",162.0500000000026,"[47, 47]","[0, 0]","[0, 0]",92
52,"[0, 1]",163.10000000000284,"[51, 51]","[0, 0]","[0, 0]",92
53,"[0, 3]",194.05000000000987,"[52, 78]","[0, 0]","[0, 0]",92
54,"[2, 1]",158.1000000000017,"[50, 41]","[32.950000000000266, 0]","[2.5999999999999988, 0]",92
55,"[0, 3]",196.50000000001043,"[53, 53]","[0, 0]","[0, 0]",92
56,"[0, 1]",167.95000000000394,"[55, 52]","[0, 0]","[0, 0]",92
57,"[0, 1]",169.00000000000418,"[56, 56]","[0, 0]","[0, 0]",92
58,"[0, 1]",170.10000000000443,"[57, 57]","[0, 0]","[0, 0]",92
59,"[0, 1]",171.15000000000467,"[58, 58]","[1.0500000000000003, 0]","[0, 0]",92
60,"[0, 1]",172.1500000000049,"[59, 59]","[1.3000000000000005, 0]","[0, 0]",92
61,"[0, 1]",173.0500000000051,"[60, 60]","[1.3000000000000005, 0]","[0, 0]",92
62,"[0, 3]",199.95000000001122,"[61, 55]","[2.000000000000001, 0]","[0, 0]",92
63,"[2, 1]",163.05000000000283,"[54, 42]","[29.600000000000286, 0]","[0, 0]",92
64,"[0, 1]",170.8000000000046,"[62, 61]","[2.6499999999999986, 0]","[0, 0]",92
65,"[0, 1]",166.5000000000036,"[64, 64]","[3.099999999999997, 0]","[0, 0]",92
66,"[0, 3]",193.2500000000097,"[65, 62]","[3.399999999999996, 0]","[0, 0]",92
67,"[0, 1]",163.75000000000298,"[66, 65]","[3.7499999999999947, 0]","[0, 0]",92
68,"[0, 1]",163.800000000003,"[67, 67]","[3.099999999999997, 0]","[0, 0]",92
69,"[2, 1]",168.250000000004,"[63, 43]","[28.45000000000027, 0]","[0, 0]",92
70,"[0, 1]",157.35000000000153,"[68, 68]","[1.1000000000000003, 0]","[0, 0]",92
71,"[0, 1]",157.80000000000163,"[70, 70]","[0.1, 0]","[0, 0]",92
72,"[0, 1]",153.10000000000056,"[71, 71]","[0.65, 0]","[0, 0]",92
73,"[0, 1]",152.55000000000044,"[72, 72]","[0.9000000000000002, 0]","[0, 0]",92
74,"[0, 3]",178.8000000000064,"[73, 66]","[1.1000000000000003, 0]","[0, 0]",92
75,"[0, 1]",148.4499999999995,"[74, 73]","[0.9500000000000003, 0]","[0, 0]",92
76,"[2, 1]",173.75000000000526,"[69, 44]","[27.250000000000252, 0]","[0, 0]",92
77,"[0, 1]",142.7499999999982,"[75, 75]","[0, 0]","[0, 0]",92
78,"[2, 3]",204.60000000001227,"[76, -999]","[25.950000000000234, 0]","[0, 0]",92
79,"[0, 3]",171.80000000000481,"[77, 74]","[0, 0]","[0, 0]",92
0,"[2, 1]",36.40000000000007,"[-999, -999]","[0, 0]","[0, 0]",93
1,"[2, 1]",38.09999999999997,"[0, 0]","[0, 0]","[0, 0]",93
2,"[2, 1]",39.89999999999987,"[1, 1]","[0, 0]","[0, 0]",93
3,"[2, 1]",41.79999999999976,"[2, 2]","[0, 0]","[0, 0]",93
4,"[2, 1]",43.54999999999966,"[3, 3]","[0, 0]","[0, 0]",93
5,"[2, 1]",45.04999999999958,"[4, 4]","[0, 0]","[0, 0]",93
6,"[2, 1]",46.349999999999504,"[5, 5]","[0, 0]","[0, 0]",93
7,"[2, 1]",47.34999999999945,"[6, 6]","[0, 0]","[0, 0]",93
8,"[2, 1]",48.449999999999385,"[7, 7]","[0, 0]","[0, 0]",93
9,"[2, 1]",56.549999999998924,"[8, 14]","[2.9499999999999975, 0]","[2.9499999999999975, 0]",93
10,"[2, 1]",67.14999999999833,"[9, 16]","[2.799999999999998, 0]","[2.799999999999998, 0]",93
11,"[2, 1]",72.04999999999805,"[10, 17]","[0, 0]","[0, 0]",93
12,"[2, 3]",101.49999999999638,"[11, -999]","[15.80000000000009, 0]","[0, 0]",93
13,"[2, 1]",78.54999999999768,"[12, 21]","[25.00000000000022, 0]","[0, 0]",93
14,"[0, 1]",67.6499999999983,"[-999, 8]","[0, 0]","[0, 0]",93
15,"[0, 1]",74.24999999999793,"[14, 9]","[0.2, 0]","[0.2, 0]",93
16,"[0, 1]",74.89999999999789,"[15, 15]","[0, 0]","[0, 0]",93
17,"[0, 1]",80.79999999999755,"[16, 10]","[2.4499999999999993, 0]","[2.4499999999999993, 0]",93
18,"[2, 1]",94.99999999999675,"[13, 26]","[29.25000000000028, 0]","[6.5999999999999845, 0]",93
19,"[0, 1]",86.29999999999724,"[17, 11]","[2.6999999999999984, 0]","[2.6999999999999984, 0]",93
20,"[2, 1]",99.84999999999647,"[18, 27]","[20.900000000000162, 0]","[0, 0]",93
21,"[0, 1]",86.44999999999723,"[19, 19]","[0, 0]","[0, 0]",93
22,"[2, 1]",105.24999999999616,"[20, 28]","[19.40000000000014, 0]","[0, 0]",93
23,"[0, 1]",91.69999999999693,"[21, 13]","[2.549999999999999, 0]","[2.549999999999999, 0]",93
24,"[0, 1]",92.1999999999969,"[23, 23]","[0, 0]","[0, 0]",93
25,"[2, 1]",110.54999999999586,"[22, 31]","[17.90000000000012, 0]","[0, 0]",93
26,"[0, 1]",93.19999999999685,"[24, 24]","[0, 0]","[0, 0]",93
27,"[0, 1]",99.04999999999652,"[26, 18]","[2.3999999999999995, 0]","[2.3999999999999995, 0]",93
28,"[0, 1]",104.04999999999623,"[27, 20]","[2.549999999999999, 0]","[2.549999999999999, 0]",93
29,"[2, 1]",115.84999999999556,"[25, 35]","[16.400000000000098, 0]","[0, 0]",93
30,"[2, 1]",121.29999999999525,"[29, 36]","[14.950000000000077, 0]","[0, 0]",93
31,"[0, 1]",108.79999999999596,"[28, 22]","[2.499999999999999, 0]","[2.499999999999999, 0]",93
32,"[2, 3]",151.15000000000012,"[30, -999]","[13.500000000000057, 0]","[0, 0]",93
33,"[2, 1]",126.74999999999494,"[32, 38]","[13.150000000000052, 0]","[0, 0]",93
34,"[2, 3]",158.40000000000177,"[33, 32]","[13.200000000000053, 0]","[0, 0]",93
35,"[0, 1]",113.84999999999567,"[31, 25]","[2.549999999999999, 0]","[2.549999999999999, 0]",93
36,"[0, 1]",118.79999999999539,"[35, 29]","[2.499999999999999, 0]","[2.499999999999999, 0]",93
37,"[0, 1]",124.94999999999504,"[36, 30]","[2.6499999999999986, 0]","[2.6499999999999986, 0]",93
38,"[0, 1]",124.34999999999508,"[37, 37]","[0, 0]","[0, 0]",93
39,"[2, 3]",172.30000000000493,"[34, 43]","[16.950000000000106, 0]","[2.9499999999999975, 0]",93
40,"[0, 1]",131.09999999999556,"[38, 33]","[2.7499999999999982, 0]","[2.7499999999999982, 0]",93
41,"[2, 1]",154.50000000000088,"[39, 47]","[21.100000000000165, 0]","[6.749999999999984, 0]",93
42,"[0, 3]",162.35000000000267,"[40, 34]","[0, 0]","[0, 0]",93
43,"[0, 3]",163.800000000003,"[42, 42]","[0, 0]","[0, 0]",93
44,"[0, 1]",134.44999999999632,"[43, 40]","[0, 0]","[0, 0]",93
45,"[2, 1]",159.0000000000019,"[41, 51]","[27.75000000000026, 0]","[0, 0]",93
46,"[0, 1]",135.54999999999657,"[44, 44]","[0, 0]","[0, 0]",93
47,"[0, 1]",136.5999999999968,"[46, 46]","[0, 0]","[0, 0]",93
48,"[2, 1]",164.55000000000317,"[45, 52]","[31.25000000000031, 0]","[0, 0]",93
49,"[2, 3]",195.35000000001017,"[48, 39]","[32.3500000000003, 0]","[0, 0]",93
50,"[2, 3]",204.20000000001218,"[49, 55]","[35.00000000000015, 0]","[2.3999999999999995, 0]",93
51,"[0, 1]",143.69999999999843,"[47, 41]","[2.000000000000001, 0]","[2.000000000000001, 0]",93
52,"[0, 1]",148.79999999999959,"[51, 45]","[2.3499999999999996, 0]","[2.3499999999999996, 0]",93
53,"[0, 1]",153.85000000000073,"[52, 48]","[2.3, 0]","[2.3, 0]",93
54,"[2, 3]",205.95000000001258,"[50, 50]","[32.3500000000003, 0]","[0, 0]",93
55,"[0, 3]",185.15000000000785,"[53, 49]","[2.1000000000000005, 0]","[2.1000000000000005, 0]",93
56,"[0, 1]",156.3500000000013,"[55, 53]","[0, 0]","[0, 0]",93
57,"[0, 1]",157.50000000000156,"[56, 56]","[0, 0]","[0, 0]",93
58,"[0, 1]",158.6000000000018,"[57, 57]","[0, 0]","[0, 0]",93
59,"[0, 1]",159.60000000000204,"[58, 58]","[0.65, 0]","[0, 0]",93
60,"[2, 1]",187.90000000000848,"[54, 59]","[37.40000000000001, 0]","[2.9999999999999973, 0]",93
61,"[0, 1]",165.5500000000034,"[59, 60]","[4.299999999999993, 0]","[2.4499999999999993, 0]",93
62,"[2, 1]",192.8500000000096,"[60, 61]","[37.50000000000001, 0]","[0, 0]",93
63,"[0, 1]",171.7500000000048,"[61, 62]","[4.899999999999991, 0]","[2.849999999999998, 0]",93
64,"[0, 1]",176.85000000000596,"[63, 76]","[4.049999999999994, 0]","[2.3499999999999996, 0]",93
65,"[0, 1]",176.25000000000583,"[64, 64]","[2.1000000000000005, 0]","[0, 0]",93
66,"[0, 1]",176.90000000000597,"[65, 65]","[2.549999999999999, 0]","[0, 0]",93
67,"[0, 1]",177.8500000000062,"[66, 66]","[2.9499999999999975, 0]","[0, 0]",93
68,"[0, 1]",178.60000000000636,"[67, 67]","[3.349999999999996, 0]","[0, 0]",93
69,"[0, 1]",177.050000000006,"[68, 68]","[5.04999999999999, 0]","[0, 0]",93
70,"[0, 1]",173.40000000000518,"[69, 69]","[6.849999999999984, 0]","[0, 0]",93
71,"[0, 1]",171.85000000000483,"[70, 70]","[8.04999999999998, 0]","[0, 0]",93
72,"[0, 1]",167.50000000000384,"[71, 71]","[9.45, 0]","[0, 0]",93
73,"[0, 1]",159.75000000000207,"[72, 72]","[10.550000000000015, 0]","[0, 0]",93
74,"[0, 1]",158.90000000000188,"[73, 73]","[11.050000000000022, 0]","[0, 0]",93
75,"[0, 1]",152.45000000000041,"[74, 74]","[8.899999999999991, 0]","[0, 0]",93
76,"[2, 1]",198.00000000001077,"[62, 63]","[40.64999999999983, 0]","[0, 0]",93
77,"[0, 1]",151.65000000000023,"[75, 75]","[8.499999999999986, 0]","[0, 0]",93
78,"[0, 1]",147.4999999999993,"[77, 77]","[8.649999999999988, 0]","[0, 0]",93
79,"[0, 1]",148.19999999999945,"[78, 78]","[8.599999999999987, 0]","[0, 0]",93
