Vehicle_label,Utilities,Probabilities,Routes_taken,Gamma,Eta
0,"[-7.329436418833816, -6.920747538966066, -6.8474716675938865, -6.048901977504859]","[0.12948908552625213, 0.19486080356682273, 0.209675552348961, 0.4659745585579641]","[3, 1, 2, 0, 3, 3, 2, 1, 1, 2, 0, 1, 1, 3, 2, 1, 2, 1, 3, 2, 3, 3, 0, 1, 1, 0, 0, 1, 3, 0, 1, 3, 3, 3, 2, 3]",5.841593262472666,1.044274977745893
1,"[-8.58460454884069, -8.00102012507041, -7.850687005114009, -6.796521734948952]","[0.09213483449468834, 0.1651472533114323, 0.19193766160683623, 0.5507802505870433]","[2, 1, 0, 3, 0, 1, 2, 3, 3, 3, 2, 3, 3, 1, 1, 0, 3, 2, 1, 2, 3, 2, 0, 0, 2, 1, 2, 2, 3, 1, 3, 1, 1, 3, 3, 3]",4.949067687813256,1.097659621398881
2,"[-20.847342481117554, -18.255012323265223, -18.434614558814104, -15.203615408395066]","[0.003246342696992316, 0.04337395720258829, 0.03624338786685901, 0.9171363122335604]","[2, 3, 1, 0, 3, 3, 3, 3, 3, 3, 3, 2, 3, 3, 3, 3, 3, 3, 3, 3, 3, 3, 3, 2, 3, 3, 3, 3, 3, 3, 3, 3, 3, 3, 3, 3]",5.274498702340537,1.346454465650004
3,"[-8.590206718995312, -8.019042236242978, -7.867697847994068, -6.889888441106119]","[0.09703451590938282, 0.17178285908562896, 0.19985170576114342, 0.5313309192438448]","[0, 3, 1, 2, 3, 3, 1, 3, 3, 3, 3, 0, 1, 3, 2, 3, 1, 2, 1, 0, 2, 3, 3, 2, 0, 2, 3, 3, 3, 2, 0, 3, 0, 2, 2, 0]",4.804342932731776,1.0996838998153804
4,"[-42.65750189276963, -35.630033530815474, -34.333041367683094, -26.620748915762412]","[1.0841249495481249e-07, 0.0001221996805339527, 0.000447040232241552, 0.9994306516747296]","[1, 3, 2, 0, 3, 3, 3, 3, 3, 3, 3, 3, 3, 3, 3, 3, 3, 3, 3, 3, 3, 3, 3, 3, 3, 3, 3, 3, 3, 3, 3, 3, 3, 3, 3, 3]",4.635524346362221,1.5143669701413085
5,"[-3.3458379728490857, -3.2731551570904207, -3.242237471415981, -3.0894136332113793]","[0.22337146183892587, 0.2402112992520888, 0.24775407849903036, 0.28866316040995504]","[0, 1, 2, 3, 2, 0, 3, 0, 1, 0, 0, 1, 1, 1, 3, 3, 3, 2, 2, 2, 3, 3, 2, 3, 1, 0, 2, 3, 2, 0, 3, 3, 2, 3, 0, 2]",4.778734833043176,0.7749425147553679
6,"[-9.382659615211802, -8.795627043002549, -8.592212971454389, -7.5273240074533705]","[0.08774340737634896, 0.15781907818013, 0.19341988073299857, 0.5610176337105225]","[3, 0, 1, 2, 3, 3, 0, 3, 2, 0, 1, 3, 3, 1, 3, 2, 1, 3, 1, 0, 3, 3, 2, 2, 3, 3, 2, 2, 2, 0, 3, 2, 3, 3, 0, 3]",5.372947968101919,1.1167124040253122
7,"[-14.053789368253828, -13.580060377789078, -13.004299657149337, -10.977387050256095]","[0.0368426875149385, 0.0591683132947398, 0.10522983584982581, 0.7987591633404959]","[2, 1, 0, 3, 3, 1, 3, 3, 2, 3, 2, 1, 2, 1, 1, 3, 3, 2, 0, 3, 3, 3, 2, 1, 0, 3, 3, 3, 3, 3, 3, 3, 3, 3, 1, 2]",5.172127722749142,1.2392278694864354
8,"[-10.02777453184164, -9.277794995317594, -9.142002218603483, -8.010999796621189]","[0.07659393441139505, 0.16214604231576565, 0.18572929337675767, 0.5755307298960816]","[2, 0, 1, 3, 3, 2, 3, 2, 3, 3, 3, 2, 0, 1, 2, 3, 1, 2, 3, 0, 3, 3, 0, 3, 1, 3, 1, 3, 3, 3, 2, 1, 2, 1, 3, 0]",5.558987222155609,1.1322732827537128
9,"[-2.8403319739315083, -2.790167388151233, -2.778015110332515, -2.68064597097634]","[0.23316077262288137, 0.24515552686055142, 0.24815290050331978, 0.2735308000132473]","[3, 0, 1, 2, 3, 0, 2, 1, 2, 2, 2, 1, 3, 2, 3, 0, 1, 2, 0, 0, 1, 2, 1, 0, 3, 1, 1, 2, 1, 1, 1, 0, 3, 2, 1, 2]",5.912162767219718,0.6975183037530062
10,"[-7.009585530093213, -6.5991743220885395, -6.549092173202095, -5.891303758426585]","[0.13982326122552358, 0.21077483126717123, 0.2215996913748878, 0.4278022161324175]","[1, 2, 3, 0, 3, 1, 0, 3, 1, 1, 2, 2, 3, 3, 3, 2, 3, 1, 2, 0, 3, 1, 0, 3, 3, 0, 2, 0, 0, 3, 2, 3, 0, 2, 2, 1]",4.733695211957599,1.0376829467579642
11,"[-3.269193425983717, -3.20351084933606, -3.1814210423031146, -3.054160055404908]","[0.22729697782323516, 0.2427276447895312, 0.2481491107399412, 0.2818262666472923]","[2, 0, 1, 3, 0, 2, 3, 3, 1, 2, 1, 3, 0, 2, 0, 3, 2, 2, 1, 0, 2, 0, 3, 3, 3, 1, 0, 3, 2, 1, 2, 2, 3, 1, 2, 1]",5.713941692794429,0.758783718028345
12,"[-15.503207134044311, -15.116339209993793, -14.728845248026296, -12.301485437084462]","[0.03422738261963153, 0.050395098035838574, 0.07424629453024742, 0.8411312248142825]","[3, 2, 0, 1, 2, 3, 3, 3, 3, 3, 2, 3, 1, 3, 3, 3, 3, 1, 1, 3, 1, 2, 3, 2, 3, 3, 3, 3, 3, 3, 3, 3, 3, 2, 3, 3]",5.213229492069826,1.2655643262637928
13,"[-2.979962023329295, -2.928081271145653, -2.9135129714701726, -2.8033641215329834]","[0.23174391623083024, 0.24408431157592955, 0.24766623287385456, 0.2765055393193856]","[3, 2, 1, 0, 3, 0, 0, 1, 1, 2, 2, 0, 3, 2, 3, 0, 2, 3, 1, 0, 3, 1, 3, 1, 3, 1, 1, 3, 3, 1, 1, 1, 3, 0, 2, 2]",4.17315394841137,0.7281008612596565
14,"[-10.551843654704248, -9.768751812594768, -9.616978999278784, -8.46201946803487]","[0.0723662831085589, 0.1583538886681362, 0.1843074235226898, 0.5849724047006151]","[1, 2, 3, 0, 3, 3, 0, 3, 1, 2, 3, 1, 0, 3, 1, 0, 2, 0, 3, 3, 2, 1, 2, 2, 1, 3, 2, 3, 2, 0, 3, 2, 1, 3, 3, 3]",5.378309691648034,1.1437894501607275
15,"[-6.215746826656976, -5.903987714226458, -5.900063968313478, -5.455763171123779]","[0.1702051686278802, 0.23247058387961952, 0.2333845312590752, 0.36393971623342497]","[1, 2, 0, 3, 1, 1, 0, 2, 3, 3, 3, 3, 2, 3, 3, 3, 2, 2, 0, 0, 1, 2, 0, 1, 1, 0, 1, 1, 1, 0, 0, 3, 0, 3, 0, 2]",5.751437086552838,0.9858869952014944
16,"[-11.214911860033757, -10.401543628903584, -10.235806098071107, -9.200130753315705]","[0.07453423976491787, 0.16811139835314134, 0.1984157101475059, 0.5589386517344349]","[2, 0, 3, 1, 3, 1, 3, 0, 2, 3, 3, 2, 3, 2, 1, 0, 1, 3, 1, 3, 1, 2, 1, 3, 3, 2, 0, 3, 0, 3, 0, 3, 2, 1, 3, 3]",5.767749466623019,1.1562114419141023
17,"[-16.81166956678461, -15.261748339574156, -16.654915218027206, -13.629702230628837]","[0.03228418818805194, 0.15209400867592243, 0.037763080891136204, 0.7778587222448895]","[2, 0, 3, 1, 3, 3, 3, 2, 3, 3, 2, 3, 3, 3, 3, 0, 3, 3, 3, 3, 2, 2, 1, 3, 3, 3, 3, 3, 3, 3, 3, 3, 3, 3, 1, 3]",4.663733218445767,1.2912857770371116
18,"[-4.671469623161626, -4.493442548311655, -4.4939940080092535, -4.302208387568339]","[0.20679434896214816, 0.24708981425732723, 0.24695359174714146, 0.29916224503338323]","[2, 1, 0, 3, 2, 0, 3, 1, 1, 3, 3, 2, 1, 1, 1, 1, 2, 2, 2, 3, 2, 1, 2, 3, 0, 0, 3, 3, 0, 2, 0, 2, 1, 3, 3, 3]",5.342621790810715,0.8935388274276401
19,"[-12.42675146226842, -12.074575933885503, -12.21293801852628, -10.990989361632938]","[0.1271715089094847, 0.18085799541804892, 0.157488128842862, 0.5344823668296045]","[3, 1, 0, 2, 2, 3, 3, 2, 2, 3, 3, 3, 2, 2, 0, 1, 2, 1, 3, 1, 3, 3, 0, 1, 2, 2, 0, 3, 3, 3, 1, 2, 1, 3, 3, 3]",5.469756926837857,1.1987020643509363
20,"[-2.4690557484046853, -2.4378132741478886, -2.4421200789119175, -2.4048269797228197]","[0.2424022838975074, 0.25009507621557686, 0.24902028167631682, 0.2584823582105989]","[0, 1, 2, 3, 0, 0, 1, 2, 0, 3, 3, 0, 1, 0, 1, 2, 3, 1, 2, 2, 2, 3, 3, 2, 2, 0, 1, 0, 3, 0, 2, 2, 1, 0, 3, 1]",4.955335271702575,0.6347996775820022
21,"[-4.531457484797281, -4.373324353262853, -4.4211082203366745, -4.202991235145246]","[0.2138202045676521, 0.25045233621952373, 0.23876618336081207, 0.29696127585201215]","[3, 1, 2, 0, 2, 0, 3, 1, 3, 2, 2, 0, 1, 2, 0, 0, 1, 3, 0, 3, 1, 0, 3, 3, 3, 2, 2, 1, 0, 1, 0, 3, 2, 0, 1, 0]",4.587072286659626,0.889248082532185
22,"[-4.999465845865351, -4.843845678622935, -4.875463244648377, -4.6367069480429235]","[0.21107330989814724, 0.24661432539045253, 0.23893895828029563, 0.30337340643110466]","[1, 3, 0, 2, 0, 2, 0, 2, 3, 3, 1, 1, 0, 1, 1, 3, 0, 3, 3, 2, 3, 2, 2, 1, 0, 2, 1, 2, 1, 1, 1, 1, 0, 3, 2, 0]",4.609689355946254,0.9242244625384456
23,"[-21.219801342696677, -19.827103122925543, -20.081182473309163, -18.15313177665196]","[0.03376276346735387, 0.1359186768314459, 0.1054226377045081, 0.7248959219966922]","[1, 0, 3, 2, 3, 2, 3, 2, 3, 3, 1, 3, 3, 3, 1, 1, 3, 3, 3, 3, 1, 3, 3, 3, 3, 3, 3, 3, 3, 3, 3, 3, 2, 3, 3, 3]",5.336141833535856,1.3291376167910454
24,"[-4.106619395887626, -3.9736427835960977, -4.043069101328569, -3.8685703750174163]","[0.22338343131914026, 0.2551537565199813, 0.23804030604415927, 0.28342250611671915]","[1, 0, 2, 3, 1, 3, 1, 0, 2, 2, 0, 0, 1, 0, 3, 3, 1, 2, 3, 2, 2, 0, 2, 2, 3, 2, 2, 3, 0, 0, 0, 3, 2, 2, 3, 2]",5.160123940443351,0.8478918204053101
25,"[-8.166049590433612, -7.707207866077825, -7.96647328333627, -7.443565832581662]","[0.17057080821067025, 0.2698839987150944, 0.20824740396858685, 0.3512977891056485]","[2, 1, 0, 3, 3, 1, 3, 2, 3, 2, 1, 3, 0, 1, 2, 2, 3, 3, 1, 3, 1, 0, 3, 3, 3, 2, 2, 0, 1, 3, 3, 2, 0, 1, 3, 3]",4.736502942936173,1.0762924020333295
26,"[-8.574439958851016, -8.234259125564398, -8.41830521981461, -7.9833221699266]","[0.1858669936387933, 0.2611806107562315, 0.2172754859719873, 0.3356769096329878]","[3, 1, 2, 0, 3, 0, 3, 0, 3, 0, 1, 1, 1, 1, 3, 2, 2, 3, 3, 0, 2, 2, 1, 3, 3, 1, 3, 3, 1, 1, 1, 0, 1, 3, 1, 1]",4.953389167960454,1.091408092467675
27,"[-4.255740624275376, -4.157463221657553, -4.212189806400164, -4.1302115287070125]","[0.23356136595000548, 0.2576809661428931, 0.24395790005877394, 0.26479976784832754]","[2, 0, 3, 1, 0, 1, 3, 3, 2, 3, 2, 1, 2, 2, 0, 0, 2, 3, 0, 2, 1, 0, 0, 1, 2, 0, 0, 0, 1, 0, 2, 3, 0, 0, 3, 0]",5.198435559666266,0.8607033667037359
28,"[-15.170436053457905, -13.649872977891043, -14.627187630208635, -13.042075772615728]","[0.06370453015252484, 0.29143551183235533, 0.10967309751065589, 0.535186860504464]","[1, 2, 0, 3, 3, 1, 3, 2, 1, 1, 0, 1, 3, 3, 0, 1, 2, 3, 2, 3, 0, 1, 1, 0, 3, 3, 3, 1, 3, 0, 3, 3, 1, 2, 3, 0]",4.839143669125896,1.237209870873763
29,"[-3.66971436445296, -3.5802267623821677, -3.64090161286718, -3.5749945353475376]","[0.23684355178760386, 0.259015370679567, 0.24376692800855393, 0.26037414952427534]","[3, 0, 1, 2, 3, 3, 2, 0, 3, 3, 2, 1, 2, 0, 2, 2, 3, 1, 2, 0, 1, 0, 1, 3, 2, 1, 3, 0, 1, 2, 0, 1, 1, 2, 3, 3]",4.318569948902653,0.8102079157872634
30,"[-5.411653018318385, -5.229369146044927, -5.393661121698169, -5.149932599928815]","[0.22137250723114368, 0.2656369980858524, 0.22539146441329616, 0.2875990302697079]","[2, 0, 3, 1, 1, 3, 0, 2, 3, 0, 3, 0, 1, 2, 1, 3, 2, 0, 1, 1, 0, 3, 3, 2, 3, 0, 0, 2, 1, 0, 1, 3, 2, 1, 3, 2]",5.290390073076673,0.9422093046990192
31,"[-3.1714034336469177, -3.1107893375512, -3.166405403062487, -3.083891610874521]","[0.2404450430128212, 0.2554701691793183, 0.24164980289710977, 0.26243498491075073]","[1, 0, 3, 2, 0, 3, 1, 1, 2, 2, 2, 1, 1, 1, 2, 0, 0, 1, 3, 3, 0, 3, 1, 1, 3, 2, 0, 2, 2, 2, 2, 3, 2, 1, 2, 1]",4.538587473189516,0.7491803475920756
32,"[-11.33489329158255, -10.5500246384315, -11.134580200690657, -10.331962239429707]","[0.1400527826750053, 0.30701236505054014, 0.17111442102800575, 0.3818204312464489]","[3, 2, 1, 0, 3, 1, 1, 3, 0, 2, 1, 0, 2, 3, 0, 3, 2, 1, 2, 0, 3, 3, 1, 1, 1, 2, 1, 0, 2, 3, 1, 2, 1, 3, 1, 3]",4.388963313143967,1.1692048050652506
33,"[-2.3544297263000775, -2.3326267628996145, -2.3570291336274276, -2.313143700062515]","[0.24620860305111666, 0.25163562783872284, 0.2455694376897498, 0.2565863314204106]","[0, 3, 2, 1, 2, 3, 1, 1, 0, 2, 0, 2, 3, 3, 2, 1, 0, 1, 3, 0, 2, 1, 1, 1, 2, 1, 3, 1, 1, 2, 1, 2, 1, 3, 0, 2]",5.156025392318674,0.60926229240909
34,"[-7.5895684612382395, -7.180558602546619, -7.496532667840785, -7.3139255801201255]","[0.20324356823064027, 0.30594794160242944, 0.22306002300564812, 0.2677484671612823]","[0, 2, 1, 3, 1, 3, 2, 3, 0, 3, 0, 0, 1, 3, 1, 3, 1, 0, 0, 2, 0, 2, 1, 2, 3, 1, 1, 1, 1, 2, 0, 1, 2, 1, 1, 2]",4.90540080403859,1.048429110581894
35,"[-5.860923765742524, -5.6526721763885615, -5.879826608367982, -5.5812828976532245]","[0.2204851722315685, 0.2715325538486551, 0.2163565202845199, 0.29162575363525656]","[1, 3, 2, 0, 1, 1, 2, 2, 3, 1, 0, 0, 1, 3, 2, 2, 0, 1, 3, 2, 0, 0, 1, 1, 3, 2, 3, 2, 3, 3, 0, 3, 1, 0, 1, 1]",5.046694239005046,0.9687546652446728
36,"[-17.737928215398938, -16.082764574284568, -17.7234547002876, -16.14634285553108]","[0.08223654180890111, 0.43042082459022263, 0.08343544891038931, 0.4039071846904868]","[1, 2, 0, 3, 0, 0, 2, 3, 1, 3, 2, 1, 1, 0, 0, 3, 3, 2, 2, 3, 1, 1, 0, 3, 2, 3, 3, 1, 3, 1, 3, 1, 0, 3, 2, 2]",4.545377024172232,1.2762065899908268
37,"[-8.106055179047823, -7.8094791869588365, -8.128630419730046, -7.9686990088141085]","[0.22370568197529545, 0.30093890184507993, 0.21871205065552507, 0.2566433655240997]","[0, 2, 3, 1, 0, 1, 3, 3, 2, 3, 0, 2, 1, 1, 2, 2, 0, 1, 0, 3, 2, 0, 1, 3, 2, 1, 0, 3, 0, 2, 1, 0, 1, 0, 0, 2]",4.762043345313466,1.0701814461601136
38,"[-5.104264793551934, -4.931988448349513, -5.097623490950621, -4.971243248089462]","[0.23057710143317767, 0.2739270001727277, 0.2321135300331033, 0.2633823683609914]","[3, 0, 2, 1, 1, 3, 1, 0, 1, 3, 1, 2, 1, 2, 2, 1, 2, 0, 0, 3, 3, 1, 2, 0, 2, 0, 2, 1, 3, 1, 0, 0, 2, 1, 3, 3]",5.29524624568168,0.9200077190849236
39,"[-2.798154529230518, -2.7581830128766933, -2.7989284689013267, -2.769249859986831]","[0.24574046069798025, 0.2557620340104239, 0.24555034598487208, 0.25294715930672373]","[3, 1, 2, 0, 1, 3, 1, 3, 0, 0, 3, 0, 0, 1, 3, 2, 0, 1, 2, 3, 0, 0, 2, 0, 2, 3, 2, 3, 0, 2, 2, 0, 0, 2, 2, 3]",4.46693733225897,0.6927140720592417
40,"[-7.103307371668861, -6.874666313238243, -7.109171131095754, -6.934492171287906]","[0.22548191196896308, 0.28340614245027584, 0.2241636091646485, 0.2669483364161127]","[1, 2, 0, 3, 2, 2, 0, 1, 3, 3, 3, 2, 3, 2, 1, 2, 0, 0, 2, 2, 0, 1, 1, 2, 3, 1, 0, 0, 1, 0, 3, 0, 1, 3, 0, 3]",5.533433660999984,1.022145804391839
41,"[-3.499206731767472, -3.4604149850589905, -3.524484094374161, -3.4484416115828167]","[0.24590148866838665, 0.2556278689143142, 0.23976364858687554, 0.2587069938304236]","[3, 2, 0, 1, 0, 2, 3, 2, 0, 0, 1, 1, 1, 0, 3, 3, 0, 2, 3, 2, 1, 3, 3, 3, 2, 0, 3, 0, 1, 1, 2, 2, 3, 2, 2, 1]",5.448755909575214,0.7831507763194954
42,"[-6.10919163782438, -5.860443772679875, -6.090938440777374, -5.9721740520940365]","[0.22483592631255161, 0.28833378506231994, 0.228977585042994, 0.2578527035821345]","[1, 0, 2, 3, 0, 0, 3, 3, 2, 1, 3, 3, 1, 2, 0, 1, 1, 0, 2, 2, 1, 3, 2, 3, 1, 0, 1, 0, 0, 3, 2, 0, 3, 3, 0, 0]",4.9742279288664015,0.980247523555768
43,"[-13.663663139219047, -12.85055056851213, -13.719191782627934, -13.449949637455484]","[0.18385163339915153, 0.4145699271779906, 0.17392087400899095, 0.22765756541386695]","[1, 2, 3, 0, 0, 3, 1, 1, 2, 3, 3, 1, 1, 1, 0, 3, 2, 1, 3, 1, 1, 2, 1, 0, 0, 0, 2, 1, 0, 2, 2, 2, 1, 0, 0, 3]",5.549863222660473,1.1968009105852604
44,"[-6.6815217151916855, -6.383320634647335, -6.7655219482682005, -6.4726489059254355]","[0.2222641067643081, 0.2994859261889116, 0.2043565192364578, 0.2738934478103226]","[1, 3, 2, 0, 3, 3, 1, 1, 3, 0, 2, 2, 0, 0, 2, 1, 2, 1, 3, 2, 0, 3, 0, 3, 1, 1, 3, 0, 0, 1, 0, 1, 1, 1, 2, 0]",5.436457018827998,1.0020148921913057
45,"[-4.5709766691176, -4.4667901031365105, -4.617329370489346, -4.484895826128791]","[0.24070823487845283, 0.26713980147334776, 0.22980539797930308, 0.2623465656688962]","[3, 1, 2, 0, 1, 3, 0, 2, 3, 1, 2, 3, 1, 2, 0, 2, 0, 3, 0, 2, 1, 2, 0, 3, 0, 3, 1, 1, 0, 0, 2, 3, 1, 0, 1, 3]",5.634922096300976,0.8783051893274347
46,"[-18.161469244951903, -17.11990700899874, -19.194712040238567, -17.678349569822846]","[0.17209881044497025, 0.4876661374490107, 0.06124155705404778, 0.27899349505197124]","[0, 3, 2, 1, 3, 1, 1, 0, 3, 0, 0, 1, 2, 1, 1, 2, 1, 3, 1, 2, 3, 1, 0, 3, 3, 1, 3, 3, 1, 3, 1, 0, 3, 1, 3, 2]",4.449301041804665,1.2854589689955385
47,"[-7.74626709096594, -7.397955884085863, -7.733032368753536, -7.586941861581892]","[0.21726307021554359, 0.3077907384090232, 0.2201575984858293, 0.2547885928896038]","[1, 3, 0, 2, 0, 3, 1, 1, 2, 1, 1, 1, 2, 1, 3, 2, 1, 0, 0, 0, 2, 3, 3, 3, 3, 1, 1, 0, 2, 0, 3, 3, 1, 3, 0, 3]",5.496839411807973,1.0444888947161013
48,"[-24.658857836547146, -22.723629160588157, -25.121981725127995, -24.383527592632145]","[0.10129754266613773, 0.7015490571837804, 0.06374802890318092, 0.1334053712469009]","[2, 3, 0, 1, 1, 3, 1, 1, 1, 1, 3, 2, 1, 1, 1, 2, 3, 0, 3, 1, 1, 1, 1, 0, 1, 1, 1, 2, 1, 1, 1, 1, 1, 1, 1, 1]",4.5508747151323385,1.3539301526058112
49,"[-2.579504603046664, -2.5627109488072484, -2.6019590536322954, -2.5668083921280993]","[0.24953160518844755, 0.25375753779490945, 0.2439909490835796, 0.2527199079330634]","[0, 3, 2, 1, 0, 1, 0, 1, 3, 0, 2, 1, 3, 3, 2, 2, 3, 0, 2, 0, 3, 2, 1, 3, 3, 1, 3, 2, 3, 1, 1, 3, 3, 3, 1, 2]",4.085659200671706,0.656400111270524
50,"[-3.582160653434274, -3.540099017262039, -3.6160740581608897, -3.5668732556645484]","[0.24844604345657756, 0.2591189775980807, 0.2401616620094085, 0.2522733169359333]","[1, 3, 2, 0, 0, 2, 2, 1, 3, 0, 2, 1, 3, 2, 3, 3, 3, 2, 0, 0, 1, 2, 2, 1, 2, 2, 2, 3, 1, 2, 2, 1, 2, 3, 0, 3]",4.934725433389492,0.7927357503704782
51,"[-11.650025265106938, -10.851791289146153, -11.429591613373729, -11.218505088800487]","[0.16644952071404365, 0.3697865918740446, 0.20749883730197183, 0.25626505010993994]","[0, 1, 2, 3, 3, 1, 1, 1, 0, 1, 1, 3, 0, 1, 2, 3, 0, 3, 3, 0, 0, 1, 3, 3, 2, 3, 1, 1, 3, 3, 2, 1, 3, 3, 0, 0]",4.933577911176243,1.15998418665794
52,"[-3.7347798331652036, -3.694537949113713, -3.784567576894442, -3.7364198009714]","[0.2505728542271647, 0.26086201713072693, 0.2384028690559624, 0.250162259586146]","[2, 0, 3, 1, 3, 1, 0, 1, 0, 0, 2, 1, 1, 2, 0, 3, 2, 2, 3, 2, 1, 3, 0, 0, 2, 1, 2, 0, 1, 1, 3, 1, 1, 2, 1, 2]",5.021530183816591,0.8077915649381208
53,"[-3.2982963883053937, -3.253200016763054, -3.3342792528140084, -3.276181110137053]","[0.24794533103498123, 0.2593827199051868, 0.23918215536600243, 0.25348979369382957]","[3, 1, 2, 0, 2, 2, 0, 3, 2, 1, 0, 3, 1, 3, 0, 2, 0, 2, 3, 0, 1, 1, 3, 0, 3, 2, 1, 2, 1, 0, 2, 0, 3, 1, 1, 1]",5.681685977813965,0.7552649173518929
54,"[-15.04804161483657, -13.990018246852236, -15.452559497968656, -15.268273042585573]","[0.18690530676128098, 0.538412758776714, 0.12472162134099593, 0.14996031312100896]","[1, 0, 3, 2, 2, 0, 0, 1, 1, 1, 3, 3, 0, 1, 2, 3, 1, 2, 3, 0, 0, 2, 1, 0, 1, 1, 1, 0, 2, 1, 1, 1, 1, 1, 1, 0]",4.639213723863876,1.227333004691043
55,"[-2.6942538583872704, -2.672661301739728, -2.712050791734394, -2.6884342557752237]","[0.2493750394035541, 0.25481823888076516, 0.2449761875888495, 0.2508305341268314]","[3, 2, 0, 1, 0, 3, 1, 2, 0, 1, 3, 1, 3, 3, 0, 0, 2, 0, 2, 2, 1, 1, 0, 0, 2, 1, 1, 3, 0, 1, 2, 3, 0, 0, 2, 2]",4.808411187113946,0.6716613246079249
56,"[-11.645362118790972, -11.081219754889299, -12.011448560604931, -11.573673475357488]","[0.22096014135090625, 0.3884345523804317, 0.15322323151601136, 0.23738207475265066]","[0, 2, 1, 3, 1, 1, 1, 0, 2, 3, 2, 3, 1, 2, 2, 1, 1, 0, 2, 3, 1, 2, 1, 1, 0, 0, 1, 3, 1, 0, 3, 0, 2, 3, 3, 1]",5.394529846819539,1.1522382808281046
57,"[-8.487968643610133, -8.231164787327799, -8.707494433653551, -8.466179672436951]","[0.24285289610190555, 0.31395816686217415, 0.19498645686031693, 0.24820248017560337]","[2, 1, 3, 0, 2, 1, 3, 1, 1, 1, 0, 2, 1, 3, 0, 3, 0, 2, 2, 3, 0, 0, 3, 3, 0, 3, 0, 0, 1, 1, 0, 2, 3, 0, 2, 3]",5.19502341610764,1.070465363879039
58,"[-7.797602727044163, -7.523723314519021, -8.017466117174932, -7.791997365161744]","[0.24252385346013777, 0.31893250038293114, 0.194656541544461, 0.24388710461246998]","[2, 1, 3, 0, 2, 1, 3, 3, 1, 0, 1, 1, 3, 3, 0, 2, 1, 1, 3, 2, 3, 0, 2, 1, 3, 0, 1, 2, 1, 1, 2, 0, 0, 0, 3, 1]",5.132417176770552,1.0461233193741426
59,"[-7.8063992722613795, -7.548556923192055, -8.006462933214904, -7.921468818027703]","[0.24974291652316621, 0.323200994578176, 0.20445918963961782, 0.22259689925903997]","[0, 2, 3, 1, 0, 1, 0, 3, 0, 0, 3, 1, 3, 2, 3, 1, 1, 2, 2, 1, 2, 3, 1, 3, 0, 2, 2, 1, 0, 1, 0, 2, 1, 0, 3, 2]",4.259368331046173,1.0572810548839815
60,"[-5.37653216399198, -5.259365046864905, -5.5021550194156275, -5.416128767404967]","[0.2520522213309271, 0.28338415368340203, 0.2222968027160273, 0.2422668222696437]","[3, 1, 2, 0, 1, 1, 1, 2, 0, 3, 0, 2, 0, 1, 2, 0, 2, 1, 3, 0, 1, 3, 1, 0, 3, 0, 2, 1, 1, 2, 2, 0, 1, 3, 1, 3]",5.532912683188378,0.929909844402693
61,"[-10.884140704574019, -10.308933804992618, -11.404082990453661, -10.849743181278258]","[0.22690920461352634, 0.4033307146803332, 0.13490997065191548, 0.23485011005422488]","[3, 0, 2, 1, 2, 3, 3, 0, 3, 0, 1, 1, 0, 1, 0, 1, 0, 3, 1, 0, 3, 0, 1, 2, 2, 2, 0, 1, 0, 0, 1, 0, 1, 3, 1, 1]",5.89064438821391,1.126480057609783
62,"[-4.834649306408848, -4.694598554654029, -4.919942921002802, -4.78842135444373]","[0.24296093960800422, 0.2794857870110228, 0.22309709347966922, 0.2544561799013038]","[0, 3, 2, 1, 3, 2, 1, 0, 0, 1, 3, 2, 3, 3, 0, 1, 1, 0, 1, 0, 2, 2, 3, 3, 3, 2, 1, 3, 3, 0, 1, 1, 2, 1, 0, 2]",4.883680459118361,0.8979322605433961
63,"[-12.68269095193512, -11.961358879465074, -13.104246664861927, -12.526815755021909]","[0.20483922570356777, 0.4213894557267572, 0.13437974281874657, 0.2393915757509284]","[1, 3, 0, 2, 2, 0, 3, 0, 1, 2, 0, 2, 0, 2, 1, 2, 1, 1, 3, 3, 2, 3, 1, 1, 2, 0, 1, 3, 0, 3, 1, 3, 0, 1, 3, 0]",5.442022964385091,1.1681191127290709
64,"[-6.140863541134383, -6.027549731285081, -6.249731289083398, -6.182270009017498]","[0.25149188577309506, 0.28166672211329224, 0.22555025123763425, 0.2412911408759785]","[3, 2, 1, 0, 3, 1, 3, 0, 3, 3, 1, 0, 1, 0, 0, 0, 0, 0, 1, 2, 2, 2, 2, 3, 0, 1, 0, 0, 2, 1, 1, 0, 0, 2, 0, 0]",5.260077004020008,0.9731794550452152
65,"[-6.050281757630255, -5.877814817781215, -6.192353959505059, -6.040073102547366]","[0.24593880677433416, 0.292232492275603, 0.21336633054694418, 0.2484623704031186]","[2, 1, 0, 3, 0, 0, 3, 2, 3, 1, 2, 1, 3, 2, 0, 2, 0, 1, 3, 3, 3, 1, 0, 3, 0, 0, 1, 3, 2, 2, 2, 0, 3, 1, 3, 0]",5.399869088947289,0.9673273569856008
66,"[-4.339124161247327, -4.259247810782603, -4.385076447306218, -4.351517428718095]","[0.2483901910641293, 0.2690446124189648, 0.23723437457974833, 0.24533082193715744]","[0, 2, 3, 1, 2, 0, 3, 2, 2, 0, 1, 3, 2, 3, 1, 1, 0, 0, 1, 3, 1, 1, 3, 3, 3, 3, 2, 3, 0, 1, 2, 1, 1, 3, 1, 2]",4.171471195059288,0.8655222443195079
67,"[-5.1544795676238175, -5.005295547439885, -5.2540716814274235, -5.151824333322309]","[0.24577561350553798, 0.28531761537160966, 0.22247769861840766, 0.24642907250444473]","[0, 2, 1, 3, 0, 3, 2, 0, 2, 1, 0, 1, 0, 3, 3, 1, 1, 3, 2, 2, 2, 0, 0, 0, 3, 0, 3, 0, 1, 2, 1, 0, 3, 2, 2, 1]",4.618484452751463,0.9209056852274744
68,"[-18.66376212140575, -17.56152232076266, -18.84014817261839, -18.446928172388116]","[0.16416764059400427, 0.49429272633456767, 0.13762079675216388, 0.20391883631926416]","[1, 2, 0, 3, 3, 3, 2, 1, 3, 1, 0, 1, 0, 3, 1, 0, 0, 1, 1, 3, 0, 1, 1, 2, 1, 1, 1, 1, 3, 1, 1, 3, 1, 1, 1, 3]",5.809822198388863,1.25600513795133
69,"[-4.499281015992838, -4.417503836329701, -4.5792512973026565, -4.505382312534204]","[0.24985789118067658, 0.2711492753093283, 0.23065475827801976, 0.24833807523197524]","[1, 3, 2, 0, 3, 1, 1, 1, 1, 0, 2, 0, 1, 2, 3, 3, 1, 0, 2, 1, 0, 1, 2, 3, 3, 0, 1, 1, 1, 3, 3, 2, 1, 2, 1, 2]",4.43566376705523,0.8754987768399485
70,"[-24.313779187656028, -22.585220339334906, -24.5575451185936, -24.102853582773015]","[0.1155932755851472, 0.6510826763776091, 0.0905871031818478, 0.14273694485539584]","[2, 0, 1, 3, 3, 1, 1, 1, 0, 1, 0, 0, 3, 1, 3, 0, 1, 3, 1, 1, 3, 1, 3, 1, 1, 0, 1, 1, 1, 3, 3, 1, 1, 1, 1, 1]",4.643037777531293,1.3337044839378294
71,"[-7.075782094910141, -6.875818996603773, -7.324367870036388, -7.075382449326068]","[0.2498962696637067, 0.3052127299467241, 0.19489484082626587, 0.2499961595633033]","[2, 3, 1, 0, 3, 0, 2, 1, 0, 3, 0, 1, 3, 3, 3, 2, 1, 1, 2, 0, 2, 0, 3, 1, 3, 3, 2, 1, 1, 0, 0, 2, 3, 2, 0, 0]",5.1298610082451965,1.0141977583732216
72,"[-10.535077284141028, -10.109471179794598, -10.964318580206507, -10.703719144563186]","[0.24836501142226058, 0.3801270689116318, 0.161686324267504, 0.20982159539860365]","[1, 2, 0, 3, 0, 3, 1, 1, 1, 0, 2, 2, 0, 0, 1, 1, 0, 3, 2, 3, 3, 3, 2, 3, 1, 0, 1, 1, 1, 1, 1, 1, 2, 3, 3, 1]",4.680957857315391,1.130449373799253
73,"[-19.68876667408745, -18.41604127086526, -20.788925868018055, -19.820877260761563]","[0.1730213742519679, 0.6177850248288272, 0.05758464449456987, 0.1516089564246351]","[3, 2, 0, 1, 0, 0, 0, 1, 3, 1, 2, 3, 1, 1, 3, 0, 0, 0, 3, 2, 3, 1, 2, 0, 1, 1, 0, 1, 3, 3, 0, 1, 1, 1, 2, 1]",6.232204307943093,1.2615147299975915
74,"[-7.049085029577261, -6.806708236124264, -7.2929570220074025, -7.035961032724221]","[0.24563550728081868, 0.3130069994953904, 0.1924770194290266, 0.24888047379476447]","[3, 2, 0, 1, 1, 2, 0, 1, 3, 3, 3, 0, 1, 3, 2, 1, 0, 1, 0, 1, 2, 2, 2, 1, 3, 0, 1, 2, 3, 3, 1, 3, 0, 1, 2, 1]",4.3112784895661065,1.0195430088884652
75,"[-13.701269129780046, -12.938284028717533, -13.508465313631117, -13.583268107106312]","[0.18239658265672268, 0.39118024682809693, 0.22118228005281584, 0.2052408904623645]","[0, 1, 2, 3, 3, 3, 0, 1, 3, 1, 3, 1, 0, 1, 1, 2, 1, 1, 0, 0, 1, 3, 0, 1, 1, 1, 1, 1, 1, 1, 1, 3, 1, 1, 0, 1]",5.20093201514591,1.1860137112281373
76,"[-16.273727464102624, -15.33213355382179, -16.96241169378491, -16.367172304621025]","[0.20092062757293377, 0.5151735595141532, 0.10090966520285342, 0.18299614771005965]","[3, 2, 1, 0, 3, 0, 0, 1, 2, 2, 1, 1, 1, 0, 3, 2, 3, 2, 0, 1, 3, 2, 3, 0, 1, 2, 1, 1, 1, 0, 3, 3, 3, 1, 1, 1]",5.124031208087751,1.2286229457794084
77,"[-32.05059054305821, -30.099443768107967, -33.89820604422649, -32.19643292749433]","[0.1103916154686073, 0.7767984790967624, 0.01739910351815878, 0.09541080191647168]","[3, 2, 0, 1, 1, 1, 1, 1, 1, 0, 1, 1, 0, 1, 1, 1, 1, 1, 1, 1, 1, 1, 1, 2, 1, 1, 0, 1, 1, 1, 1, 1, 1, 1, 1, 1]",5.566777322220335,1.377920884140814
78,"[-13.325523715869625, -12.615404310352575, -13.756493315449777, -13.374081907972798]","[0.2156699434257876, 0.4387231625194914, 0.14015929535819271, 0.20544759869652837]","[3, 2, 1, 0, 3, 3, 0, 1, 0, 1, 1, 0, 2, 1, 0, 2, 1, 1, 1, 3, 1, 1, 0, 2, 2, 3, 0, 1, 0, 2, 1, 2, 2, 1, 0, 1]",4.319883370053179,1.190442086796062
79,"[-4.92255904475821, -4.836453297495595, -5.031131777668866, -4.907470828800705]","[0.2498602132719868, 0.27232803803743794, 0.22415300610861952, 0.2536587425819558]","[0, 1, 2, 3, 2, 0, 1, 1, 2, 2, 0, 0, 3, 1, 2, 0, 1, 3, 3, 2, 0, 3, 0, 2, 0, 2, 1, 0, 0, 0, 3, 0, 1, 0, 1, 0]",5.14310770610565,0.899969279873742
